1.275562338336916790e+00
1.252834073510812996e+00
1.183474950615065024e+00
1.275470619472480749e+00
1.251511019190077789e+00
1.321388582486642482e+00
1.335267689117275225e+00
1.127643466666296668e+00
1.215036685945243056e+00
1.190966954755003471e+00
1.196469462244084347e+00
1.126500209275843600e+00
1.231027293202679784e+00
1.408558989759491897e+00
1.574577623830529127e+00
1.442254310065682832e+00
1.606012891973134238e+00
1.642899056172876016e+00
1.724430423355660658e+00
1.503196936788794069e+00
1.708330558014538259e+00
2.111574710230267549e+00
1.793315811126152681e+00
1.846357254147563243e+00
2.223852104176625044e+00
2.410943577961879747e+00
2.049475583819461821e+00
2.160633377278196487e+00
2.099827671469230772e+00
2.232760484526483236e+00
2.106995092548942239e+00
1.798033191246340312e+00
1.634404076324556421e+00
1.426986422861648451e+00
1.508891949406238275e+00
1.261220995939270617e+00
1.507855965145310062e+00
1.508124341414383229e+00
1.400446331641602926e+00
1.430947992918612632e+00
1.523977958074980821e+00
1.327612171328404145e+00
1.432263397079768907e+00
1.481621474697128349e+00
1.658207581021334143e+00
1.510374158951915735e+00
1.389296911122199774e+00
1.392201191191912768e+00
1.424869709456343836e+00
1.508573623626201732e+00
1.604209873038184186e+00
1.548836280124233467e+00
1.878050424681798392e+00
1.783078706900779853e+00
1.713554544687662107e+00
1.750226826071396236e+00
1.641695190954746142e+00
1.564296631929934733e+00
1.668020410271783049e+00
1.931907366816888016e+00
2.419487639342268626e+00
1.878651323299920683e+00
2.059775814774697622e+00
2.248486140060023342e+00
2.427156606689301555e+00
2.309624034558811712e+00
2.102685634013464977e+00
1.971351249076328305e+00
2.306317921003804283e+00
2.474381653049306351e+00
2.510054156570280970e+00
2.478679195853160877e+00
2.045354999436738819e+00
1.878665913482905125e+00
1.468629593346984841e+00
1.413316225014761063e+00
1.404737254454944573e+00
1.372783298441375699e+00
1.377948861556475002e+00
1.699432536618227019e+00
1.944588712223155769e+00
1.693204331151036302e+00
1.107465016884666031e+00
1.450147848194191624e+00
1.286562185810999903e+00
1.520567775196187688e+00
1.567089428720738420e+00
1.461047104680005315e+00
1.327841527560111645e+00
1.280121173532492662e+00
1.191637638935346022e+00
1.123500527216456657e+00
1.146117569474197184e+00
1.137606418405106234e+00
1.020197742868018009e+00
9.766102849275773989e-01
1.047993923284993301e+00
1.160692149632011283e+00
1.185569931538728250e+00
1.197696908021296247e+00
1.198251164641787936e+00
1.172889662847426129e+00
1.241792641834025934e+00
1.260752839474841291e+00
1.267313005960513772e+00
1.234664549576095505e+00
1.281886270032057240e+00
1.378796571205969101e+00
1.346231540835995277e+00
1.342124352137811449e+00
1.330962142140609039e+00
1.358733910826033453e+00
1.290604807451115388e+00
1.510886504606022918e+00
1.576153390766550144e+00
1.755594920641260437e+00
1.971643667517736009e+00
1.876841047382776129e+00
1.814473114784392438e+00
1.735848874731863667e+00
1.751341445438199917e+00
1.806366609443224469e+00
1.525262448989956665e+00
1.507127645132571025e+00
1.641572855606835635e+00
1.710334267058304825e+00
1.496146858354278741e+00
1.775860115174374476e+00
1.797326777443649437e+00
1.613892386183040983e+00
1.954035501352644921e+00
2.008644732977177050e+00
2.234024414474366171e+00
1.921594813134364088e+00
1.785200051119314013e+00
1.321229910923499951e+00
1.379207837051540819e+00
1.419599936921312811e+00
1.680253756837595036e+00
1.470395966454690395e+00
1.488483466246303788e+00
1.573577042687890115e+00
1.710940239263335716e+00
1.400058312657957771e+00
1.427593634267391387e+00
1.378707903784493150e+00
1.219948815162604339e+00
1.393316181546293109e+00
1.304676194231181086e+00
1.247472734633830127e+00
1.198893353780826398e+00
1.219729378296113831e+00
1.094737823939788024e+00
1.123811266907229101e+00
1.084290221326554171e+00
1.129838508579627199e+00
1.137093588154525214e+00
1.045311202981251908e+00
1.085431749251566158e+00
1.110674652197069845e+00
1.561866117917874996e+00
1.572097362216105410e+00
1.710937764095987523e+00
1.597187593760678093e+00
1.617575149619546515e+00
1.583133481352789751e+00
1.633139391339356594e+00
1.322525664474706097e+00
1.410926665885706033e+00
1.227792268706124013e+00
1.428473304303573777e+00
1.676094406608846121e+00
1.763005146447987448e+00
1.710246115592674698e+00
1.677394446031571285e+00
1.681435991356406312e+00
1.292878180456038750e+00
1.517891425389072069e+00
1.491772010757831168e+00
1.450670938404239330e+00
1.391804422396892615e+00
1.724216343620342151e+00
1.914691248553417102e+00
1.886370036999489574e+00
1.321295652820645206e+00
1.128193985984187186e+00
1.420540767458582820e+00
1.671836748875551226e+00
1.429888867061058555e+00
1.840671742516091003e+00
1.249680270855759279e+00
1.255500753075010412e+00
1.234457153578674138e+00
1.253535986565751159e+00
1.303000537945691484e+00
1.525570514422608381e+00
1.730790288094768314e+00
1.772694590275654569e+00
1.676792495835925045e+00
1.746316195286283346e+00
1.909362160679248355e+00
1.579352674262030520e+00
1.462141743421971896e+00
2.210584598194409889e+00
2.294025454924488727e+00
2.146683809960520772e+00
2.434850454450173007e+00
1.932934708125669365e+00
1.686850928356850021e+00
2.097597547120031436e+00
2.039539975493809720e+00
1.507538878419467876e+00
1.721420528142350470e+00
1.750030226378229914e+00
1.799910850683901664e+00
1.877818092774754977e+00
1.437880986846601816e+00
1.612671706274665162e+00
1.645483929102265597e+00
1.710478607584098087e+00
1.576006017549770100e+00
1.499034296548165557e+00
1.252796977656268185e+00
1.221658457516942464e+00
1.258637882569682453e+00
1.292116243833890454e+00
1.421183797764727919e+00
1.229230811892798592e+00
1.395292988214172247e+00
1.636551657372822932e+00
1.822318520141485543e+00
1.673470167038063838e+00
1.963707168632258693e+00
1.893708908105933508e+00
1.654697741244369302e+00
1.375848807107883820e+00
1.924576388936651616e+00
1.784810955100575747e+00
1.647952687374057978e+00
1.876982008592629203e+00
2.000377628977715538e+00
1.679707060514270767e+00
2.043552290536538862e+00
1.714818839453870147e+00
1.561934008499680893e+00
1.468895180839789205e+00
1.950122428201434888e+00
1.819355109461097131e+00
1.906696167287762922e+00
1.975456685089999276e+00
2.337927326961238172e+00
2.428803565725957014e+00
2.553750059088841784e+00
1.762519929042450917e+00
1.631891348286254484e+00
1.777167222131289748e+00
2.456109922584550631e+00
2.455917070796133750e+00
2.076812409024945350e+00
1.575175552747983598e+00
1.236727045045227680e+00
1.309499098562603159e+00
1.871692383948524885e+00
1.936562418352144155e+00
1.594964064471172005e+00
1.462375750992420231e+00
1.543657770025668619e+00
1.833014807443811511e+00
1.931530920042162869e+00
1.769940342499245922e+00
1.960958427729738718e+00
1.478888323743043687e+00
1.511015793712048971e+00
2.021893479641495794e+00
2.082067326428453935e+00
1.801450304788388967e+00
1.668946186076957439e+00
2.223518004887739874e+00
2.061296058964557698e+00
1.896291705615111844e+00
1.587534644457114119e+00
1.456252304118645924e+00
1.756950048869657000e+00
1.218994024233400753e+00
1.202138424901310287e+00
1.272680336129927703e+00
1.587532030666038096e+00
2.131222790806560852e+00
1.743294871681106528e+00
2.017119571933808864e+00
2.091552495907580411e+00
1.819724621231401773e+00
1.749646176145481791e+00
1.324967866383370385e+00
1.821737418631330430e+00
1.932454054202513705e+00
2.208787926088572107e+00
1.791666450180738668e+00
1.841807143123701751e+00
2.257114886739667536e+00
2.146000643904105942e+00
2.112568288792729287e+00
1.752497344866249085e+00
1.893313127112594918e+00
1.812727122506289534e+00
1.702288153657311343e+00
2.036584047402225206e+00
2.150485316198546659e+00
2.076172698230566827e+00
2.373076285819525122e+00
2.072276960774554588e+00
2.323709129917668648e+00
2.404948779695809336e+00
2.406475755740783651e+00
2.042558926211290427e+00
2.101323139853263022e+00
1.609273958644508618e+00
2.121400390162152760e+00
1.824986786966508845e+00
1.885122645005337105e+00
1.706638414951417992e+00
1.822002761694260897e+00
1.951086017320247556e+00
2.098618707787567761e+00
2.140999170738403290e+00
1.867595730957730460e+00
1.837498526443529734e+00
1.963337285584205283e+00
2.077323887419127768e+00
2.023557965715526041e+00
2.011324808167282541e+00
2.077021730731441362e+00
2.440487113514504980e+00
2.021693320465991484e+00
2.449033727381768166e+00
1.835762816434823641e+00
1.858924667940003106e+00
1.635237757553336113e+00
1.650073370400863881e+00
1.758517383224681652e+00
1.695552489520528727e+00
2.057104890186501667e+00
2.036050323155828234e+00
1.806901299759677615e+00
1.645670687402599475e+00
1.498021289797131450e+00
1.551030362536026663e+00
1.845517468012175089e+00
1.831986039036704206e+00
1.818248643595265834e+00
1.273875224227632996e+00
1.381237902619213642e+00
1.319123255733881672e+00
1.429252940106279901e+00
1.467458312865494996e+00
1.469226409572539360e+00
1.401267241478347136e+00
1.166503785255100567e+00
1.302716419410614002e+00
1.321056778886867233e+00
1.293767320809016574e+00
1.238989415768196434e+00
1.268428539024022195e+00
1.382199287068307747e+00
1.607798344925834844e+00
1.549034036112969304e+00
1.266304674252513696e+00
1.350494503387658751e+00
1.563852265399212627e+00
1.807547914380713827e+00
1.931695289113744440e+00
1.761403526694504951e+00
2.128484235839717353e+00
1.960480538247370674e+00
1.910396605403139381e+00
1.811135640869045105e+00
1.297733534110522058e+00
1.348530088797887050e+00
1.479963321899575579e+00
1.767433010826344519e+00
1.746268962641410072e+00
1.713463891325238242e+00
1.844727090344248088e+00
1.804167435402337594e+00
2.273001527002939781e+00
1.934852363535547015e+00
1.923851415109895768e+00
1.680725599532021608e+00
1.818532366891440821e+00
1.945145822882814457e+00
2.198037841008883220e+00
2.570281970468393240e+00
2.565476317224220537e+00
2.199798859001709683e+00
1.840967785399747259e+00
1.965836686735329408e+00
2.058378217341497951e+00
1.879990557964753339e+00
1.904692092736542719e+00
1.548752650166605349e+00
1.487326843708910662e+00
1.718221870899653059e+00
1.600395272603636343e+00
1.587849749816945932e+00
1.745391594706761529e+00
1.939588488576125203e+00
1.564486600188436327e+00
1.513769513079311180e+00
1.431795507478174745e+00
1.494512464552724795e+00
1.567023992925834941e+00
1.411473401515981330e+00
1.320344037002338045e+00
1.495761893342722804e+00
1.522808287001464755e+00
1.660330262311001892e+00
1.683171398941787800e+00
1.386103847819946111e+00
1.374986486949002495e+00
1.312440527691090653e+00
1.279786776323896813e+00
1.432272740539893618e+00
1.403919703897221538e+00
1.405550999424315606e+00
1.398365114881700011e+00
1.339666378370137023e+00
1.312255544038074540e+00
1.263002355381479092e+00
1.704034329469555464e+00
1.924375743442174214e+00
1.651708173252378620e+00
1.523836605708781988e+00
1.297066044163927678e+00
1.710578873651186216e+00
1.769672094712589461e+00
1.609062875369911882e+00
2.137223480215050042e+00
1.649371744802570205e+00
1.704918189508793480e+00
1.749828968942957363e+00
1.880095071823719044e+00
1.724480450446530089e+00
1.929827350912578288e+00
2.267074644623462643e+00
2.052048280592426277e+00
2.016403874625588344e+00
1.701015817052580203e+00
2.109845181663104086e+00
1.825775670334311762e+00
2.055354837103894550e+00
1.677883439672410937e+00
1.733705381701531767e+00
1.471691640572584170e+00
1.438520236816380082e+00
1.572501013746229637e+00
1.401503371108774765e+00
1.293938853599843064e+00
1.305157551339315436e+00
1.369159350417894716e+00
1.446753939497476882e+00
1.603001549583050966e+00
1.485894151860891910e+00
1.510306004110008038e+00
1.385402247762613115e+00
1.490770160380015863e+00
1.458172643204201702e+00
1.366057434558550554e+00
1.568523456318443809e+00
1.352768363417066633e+00
1.770999372639795455e+00
1.974059303518711062e+00
1.683531302581470435e+00
2.000408863000347370e+00
1.558918922973296706e+00
1.503543938432643001e+00
1.388902523560952673e+00
1.423824790519089722e+00
1.399949261868712380e+00
1.684121637892949996e+00
1.610690613795130677e+00
1.624051460734527330e+00
1.619471514526618083e+00
1.815150129790614075e+00
1.544033931258370407e+00
1.300555942255151143e+00
1.387280378936753600e+00
1.407583538464448392e+00
1.387456107045463627e+00
1.425926704533226230e+00
1.505098344516054398e+00
1.506262883954237575e+00
1.297344025624038277e+00
1.212970581554311922e+00
1.417010730418361231e+00
1.811146712064633624e+00
1.968472908424677925e+00
1.628431181847296516e+00
1.926573022894888743e+00
1.722640704785369126e+00
1.363802569767651018e+00
1.358582317214961366e+00
1.577686582219386180e+00
1.672586345011916498e+00
1.574658841114247254e+00
1.283064134066538520e+00
1.386924608750628618e+00
1.276175835151377225e+00
1.244994207111083995e+00
1.420705591089886255e+00
1.358292367009442669e+00
1.672486223604012556e+00
1.795516237319236597e+00
1.614835746217258006e+00
1.753628881373852755e+00
1.974330739277703417e+00
1.816340191842928053e+00
2.435248858221454427e+00
2.136540179833706699e+00
2.288226716971649477e+00
1.752753286506456565e+00
1.901756347778764011e+00
1.711020202429797799e+00
1.513187399326838767e+00
1.291595307018519545e+00
1.077687452721216799e+00
1.188122317930436322e+00
1.267129683586251332e+00
1.310808570395642692e+00
1.383787387667278157e+00
1.338419663696142736e+00
1.491893710771829529e+00
1.555253806167483877e+00
1.334944528274475850e+00
1.450651094458066614e+00
1.342774159896988229e+00
1.179062821548175100e+00
1.340524369775175639e+00
1.272042681394941921e+00
1.441652194806097631e+00
1.285010717125110391e+00
1.295467908367096133e+00
1.251889904784873497e+00
1.420739376399978937e+00
1.401133823056539773e+00
1.258489008595621961e+00
1.202939211561409039e+00
1.140600038959013629e+00
1.649520973736193996e+00
1.659388659588340253e+00
1.263832825213405009e+00
1.436944330297822425e+00
1.380145978629272019e+00
1.382167115916110411e+00
1.383742197422611842e+00
1.510547107071154915e+00
1.392117368006730693e+00
1.356319448577600895e+00
1.584263401488671175e+00
1.574919456146705699e+00
1.323533384174033101e+00
1.191449384603654016e+00
1.362437180933845804e+00
1.547236585259249342e+00
1.179214424101441949e+00
1.647791957956170172e+00
2.073267927260002086e+00
1.966706081488945435e+00
2.144188279297728705e+00
1.457192298622262072e+00
1.721593978224257304e+00
1.543618968576929484e+00
2.089195175702070806e+00
2.166346830541664215e+00
2.129257385624235166e+00
2.099287665621883736e+00
2.449268392088970625e+00
2.243471423514690422e+00
2.237525193287746017e+00
2.157213995747659485e+00
2.250041380405425784e+00
1.898027547981111729e+00
1.845462399800432696e+00
1.577304786282802684e+00
1.866734207555639902e+00
2.179198183204115402e+00
2.100687728321297687e+00
1.976541444701975569e+00
1.777696824336682413e+00
2.345281746379165533e+00
1.780360538303811468e+00
1.922837025776532149e+00
1.762860038360585024e+00
1.755315941311825556e+00
1.579595307459724207e+00
1.574914732263943185e+00
1.344037853718825115e+00
1.636174601774209370e+00
1.881908932434952053e+00
2.055146372332080418e+00
1.931734013886662105e+00
2.148491835911622072e+00
2.291293506263047508e+00
1.968539353879894982e+00
1.782324241574803514e+00
1.951127114239705085e+00
1.792307685433350617e+00
2.013345200976815352e+00
1.393130287442047255e+00
1.599619750670487894e+00
1.920976476716903525e+00
1.797394926485590849e+00
1.663091461992369346e+00
1.524321314798892324e+00
2.098025164802701070e+00
2.207787615666752412e+00
2.211098849505379160e+00
2.110965686331046420e+00
2.119408336587814912e+00
2.110950216999825990e+00
1.760791860657722641e+00
2.074958110934390643e+00
1.845310709808940075e+00
1.543081396462433696e+00
1.734730185755055887e+00
1.686756557402121048e+00
1.942129709111130254e+00
2.069454726450489446e+00
1.583342307695682294e+00
1.618148332494729447e+00
1.490061041354602045e+00
1.518185559276497454e+00
1.290686449649093515e+00
1.268587768442514196e+00
1.469610979689284669e+00
1.320536850206537105e+00
1.175865207980494542e+00
1.319804843558336493e+00
1.214421705425875020e+00
1.178195798086996815e+00
1.392193919958900628e+00
1.388828565353577460e+00
1.326181752808418102e+00
1.272355607582171366e+00
1.346110002009346163e+00
1.245210906139295970e+00
1.290480846327313191e+00
1.256780064986031897e+00
1.498115991838312899e+00
1.543754236700696669e+00
1.885261896463760856e+00
2.011463943942366051e+00
1.958154897636696923e+00
1.886909136150769273e+00
2.180936559196328783e+00
2.095579028032971358e+00
2.384909199825922865e+00
2.062196965373421786e+00
1.818400657309140689e+00
1.356461311385113611e+00
1.442563672842960498e+00
1.406903037136585155e+00
1.399104637169373166e+00
1.262878916673393803e+00
1.338350445631171004e+00
1.284328148755304211e+00
1.244889477138583000e+00
1.449461543800709684e+00
1.489410416252370695e+00
1.494237875113953784e+00
1.673070261880211795e+00
1.450231124722894283e+00
1.280353626579946225e+00
1.183257577985787679e+00
1.217838148569900580e+00
1.066192542987626446e+00
1.011830454031044324e+00
1.186453638695982749e+00
1.063998535620292119e+00
1.247295249155346397e+00
1.254084312580730609e+00
1.258526151913089475e+00
1.122879434511238284e+00
1.278352319111995872e+00
1.318276295155148325e+00
1.275195710318357989e+00
1.305992949273115045e+00
1.445951905662680836e+00
1.442253879410376971e+00
1.417610558086430883e+00
1.478392153963788980e+00
1.712796155401155707e+00
1.606443255415294535e+00
1.525318258356929579e+00
1.363800923529445708e+00
1.382449897206075917e+00
1.360340438291050891e+00
1.386710701927081679e+00
1.365888267596362837e+00
1.346919461857923439e+00
1.254042879157874157e+00
1.139250729442175647e+00
1.214198699946849036e+00
1.170893865187272898e+00
1.226239794892292734e+00
1.349939987813920217e+00
1.389072298376659020e+00
1.337093685324521664e+00
1.472997508564773961e+00
1.598199812867067582e+00
1.391198170108210563e+00
1.170665156666569118e+00
1.207624736672271437e+00
1.256474083749329562e+00
1.240147619298177517e+00
1.276681089889960319e+00
1.129199218064425025e+00
1.199532431564606538e+00
1.252904202656335286e+00
1.309407849301098326e+00
1.300596094539109515e+00
1.235008362031138507e+00
1.147883735220094348e+00
1.126027474688072516e+00
1.245538069848488139e+00
1.214077017412032333e+00
1.423348818065244936e+00
1.143731322596492239e+00
1.094088779403384892e+00
1.228835024540430698e+00
1.445663638270097806e+00
1.179544068417632818e+00
1.228047823906383895e+00
1.234045135816817407e+00
1.192432447685295438e+00
1.081023837183585190e+00
1.121082371470034200e+00
1.182572800237793542e+00
1.143563923439706143e+00
1.173404448192179261e+00
1.113858578510828368e+00
1.087114709243530042e+00
1.103911522032077430e+00
1.238404457595577490e+00
1.192248118385228040e+00
1.142094359527049630e+00
1.195126491976547634e+00
1.280069744676273658e+00
1.278006174832821307e+00
1.392878011745852351e+00
1.241349723329802313e+00
1.243603348368909733e+00
1.365194878907915133e+00
1.289319342988660466e+00
1.271302902843575389e+00
1.338182261734330636e+00
1.227302050826555524e+00
1.386050339970184897e+00
1.290364453658833455e+00
1.340667920437232041e+00
1.430491427177813080e+00
1.386763171440954068e+00
1.363861979495803567e+00
1.643850109570541340e+00
1.612255572730271425e+00
2.205944902296884003e+00
2.306508735036911339e+00
2.214243656672610694e+00
1.874582913350595126e+00
1.907488162603049098e+00
1.651315646312076169e+00
1.588127021595605592e+00
1.915394546236981244e+00
1.869249823634806962e+00
2.162758264814544695e+00
2.191278113718908127e+00
1.955560030557654150e+00
1.867198378914787682e+00
1.823240824376352043e+00
1.573664729237976179e+00
1.487704107315803714e+00
1.502777836044861370e+00
1.734243083767022853e+00
2.241709919362180781e+00
2.098708476281398116e+00
1.953470157239839855e+00
2.259698601487696301e+00
1.854754552763351327e+00
1.843031430242891844e+00
1.939919170824320638e+00
2.038945315884462151e+00
1.734185977687013436e+00
1.794727406944322645e+00
1.926131123112151400e+00
1.962625910379510508e+00
1.748302007403451430e+00
1.651834731263474687e+00
1.859990343743693764e+00
1.753137673176849987e+00
2.368761898112922815e+00
2.429112075380171820e+00
2.497870086955296998e+00
2.574383970132195110e+00
1.723437741784256794e+00
2.169966156585283468e+00
2.025015604780784795e+00
1.846556499386684536e+00
1.924291708971518133e+00
2.241705187064127802e+00
2.228473564235206261e+00
2.472496182674670084e+00
2.504462263344656936e+00
2.098193358056011260e+00
1.561061574876154712e+00
2.197352377526323064e+00
1.995209382644595131e+00
1.905709668970745341e+00
1.661692414332209600e+00
1.708642639148168829e+00
1.410411733653221589e+00
1.295576511795574870e+00
1.403783451869992760e+00
1.382472106847471238e+00
1.295781078603065684e+00
1.305409119220676928e+00
1.301867324454660801e+00
1.364650555812447319e+00
1.305141919190683675e+00
1.322740883871320161e+00
1.478331681619632798e+00
1.397757271265731571e+00
1.622133724731012139e+00
1.577308299099459354e+00
1.700272176764611176e+00
1.608966969721000950e+00
1.597312667210914583e+00
1.691102440097677517e+00
1.767203656587765792e+00
1.688894792373812237e+00
1.852596754185747763e+00
1.572861741419131931e+00
1.571704978760422922e+00
1.415798178166586707e+00
1.073782202510191075e+00
1.235257990738438005e+00
1.192583790522748322e+00
1.095964525936090395e+00
1.418419084178599299e+00
1.404748142319754312e+00
1.503245569204822774e+00
1.477713718749995353e+00
1.400258629680476874e+00
1.471736064435823277e+00
1.510816214523507117e+00
1.518738102582529059e+00
1.428488407339109756e+00
1.450195299103177682e+00
1.417608586221284828e+00
1.259857590095843305e+00
1.343970574739079105e+00
1.305133969636477653e+00
1.298279808711622074e+00
1.258302651759471980e+00
1.234180920621359423e+00
1.147189246009121311e+00
1.402308311848496913e+00
1.148688435143192299e+00
1.385353088375183894e+00
1.215519095817598316e+00
1.267789674431140545e+00
1.262778562146747774e+00
1.406245806852965963e+00
1.373130517536081285e+00
1.264478894542308218e+00
1.173172412984468727e+00
1.203649084336177788e+00
1.210457165686094738e+00
1.348587685351730681e+00
1.468888277123975961e+00
1.547303391876740264e+00
1.533835263880697353e+00
1.514811556139184390e+00
1.608599367243747524e+00
1.350514391997954311e+00
1.108536185498368631e+00
1.474479376073001724e+00
1.778760672753131988e+00
1.442318183523080943e+00
1.428756335057282723e+00
1.505698742140406665e+00
1.654811825677438453e+00
1.489648195398941555e+00
1.041922302851112425e+00
1.137203197554965461e+00
1.467237545688280242e+00
1.309541222580357545e+00
1.440375075950520944e+00
1.456917094413214597e+00
1.758818954680001490e+00
1.648107067902036649e+00
2.057085175009712774e+00
2.182928096837677412e+00
2.394479372268722539e+00
1.838040004286077833e+00
1.667238911928037970e+00
1.813564737331697430e+00
1.762539882555685500e+00
1.752837659293429384e+00
1.713232728885376366e+00
1.571904037242124685e+00
1.887431388026588497e+00
1.721518359814170118e+00
1.774648616017099334e+00
2.049556021382319404e+00
1.989042911573234207e+00
1.935943677585756140e+00
1.564001769129955921e+00
1.570473497615452185e+00
2.000023425972208724e+00
1.888337558382441106e+00
2.092409429280537747e+00
1.859951105778461455e+00
1.827673366352365436e+00
1.813586672541489753e+00
1.932009502696506509e+00
2.339113434891333831e+00
2.817324673906790089e+00
2.417557728308763032e+00
2.114011199932651852e+00
2.006728967663857333e+00
1.992598756114954517e+00
1.632063411608891235e+00
1.618907787701139300e+00
1.567028729388248109e+00
1.519494397186368584e+00
1.653742085227094538e+00
1.503928901775683613e+00
1.535963984201192067e+00
1.472425350667535326e+00
1.642426194627437219e+00
1.510738009503682200e+00
1.580284383440995644e+00
1.482578617661072684e+00
1.784141715246952309e+00
1.710745549284771627e+00
1.309546546291553426e+00
1.533667398277170246e+00
1.539251358780354462e+00
1.411025060875102932e+00
1.405914658053877053e+00
1.347888779147575322e+00
1.492148711194148936e+00
1.431440820522523305e+00
1.304335982174210651e+00
1.567053530269496120e+00
1.468554545723177895e+00
1.584594809280725158e+00
1.288292453870054199e+00
1.700902001800403518e+00
1.504653122325833259e+00
1.528849179723110074e+00
1.478134892648752308e+00
1.449843522826808950e+00
1.630515919997189034e+00
1.433565833408105616e+00
1.365994813443044853e+00
1.330242236998458782e+00
1.340914252621821401e+00
1.244125498495995075e+00
1.586908939929870810e+00
1.536109823738450952e+00
1.487606615927349107e+00
1.577681022391742571e+00
1.357167746875767467e+00
1.814497491217933245e+00
1.944932828557862869e+00
2.001929986365369896e+00
2.016617199782627434e+00
1.618113746028575939e+00
2.106763158255811064e+00
1.496955410312222901e+00
1.730994327103708930e+00
1.744469297525857332e+00
2.060742514582762919e+00
1.458606081406178090e+00
1.443368762298483432e+00
1.530673043319646709e+00
1.443275276142646169e+00
1.692733702865273360e+00
1.451829792110439499e+00
1.325329462961356120e+00
1.222717684931015292e+00
1.285454650876660443e+00
1.299706100148387389e+00
1.260022186830849877e+00
1.138212914777584572e+00
1.278381934465561365e+00
1.279376839043453007e+00
1.206130053979669547e+00
1.148995848519551943e+00
1.178090474125432108e+00
1.236627796689080849e+00
1.130738356810172096e+00
1.202092904404336249e+00
1.259748073877929642e+00
1.196329156999253573e+00
1.076630014917880462e+00
1.120760177674948288e+00
1.168501465793829075e+00
1.144698824473229015e+00
1.290925442675263879e+00
1.573307207245909556e+00
1.562624720690301672e+00
1.249088604787277124e+00
1.158720432123989674e+00
1.292419056355397222e+00
1.547845376025088093e+00
1.789265383215606464e+00
1.714953079625338717e+00
1.544394351675505206e+00
1.544113431115266444e+00
1.638290142841643870e+00
1.439275078430852117e+00
1.398460555058322452e+00
1.526108954621580027e+00
1.878296634103167495e+00
1.849017312234787047e+00
2.216581533895614520e+00
2.458363517562870193e+00
2.014417466332556472e+00
1.492709602492890975e+00
1.389200733588441317e+00
1.911894407909368487e+00
1.631384996620691474e+00
1.697303392445026038e+00
1.361580276947451873e+00
1.466353206043313540e+00
1.371402959825993584e+00
1.400502356568846363e+00
1.402233521063261268e+00
1.214096059984208331e+00
1.105018827600622533e+00
1.244464171610173864e+00
1.241189175604610506e+00
1.195195445432662540e+00
1.241158825762733509e+00
1.217682575670466782e+00
1.385918053211386614e+00
1.393802017736080812e+00
1.248440644284465328e+00
1.195749081389011703e+00
1.334127870302151520e+00
1.455257960078006230e+00
1.472291832163463488e+00
1.579789589783851866e+00
1.772439742165662357e+00
1.719510898983837466e+00
1.638302346181000901e+00
1.370863886763580064e+00
1.458191131074903391e+00
1.257361634246318083e+00
1.298772944921717354e+00
1.243234104162218356e+00
1.239899680610507815e+00
1.280272765575065419e+00
1.282848660648371553e+00
1.193083941215425048e+00
1.277476844257260380e+00
1.200932270850544992e+00
1.177079296734163005e+00
1.483950035030454417e+00
1.513793123430890564e+00
1.381013574820636469e+00
1.363145793001409034e+00
1.243595291288174032e+00
1.588014109227787740e+00
1.556438288578070983e+00
1.700046945411497479e+00
1.507013550004028257e+00
1.559494192962232351e+00
1.494963671077842893e+00
1.455802500144815603e+00
1.505363152763663059e+00
1.464518884122067099e+00
1.420068680984971854e+00
1.462627779876595202e+00
1.334099146837319338e+00
1.404190378178805876e+00
1.428912092514495358e+00
1.477006488369198678e+00
1.383488301367584050e+00
1.473885035039914637e+00
1.471612318414151410e+00
1.581603151382470429e+00
1.276672215087333306e+00
1.611357959438590726e+00
1.781134489643205088e+00
2.187506583363913126e+00
2.270555111090691192e+00
2.045388034518273113e+00
2.009359463540954849e+00
2.262552626427382751e+00
1.878899255641118815e+00
2.002969976787905892e+00
2.037921205255957879e+00
2.266447749094817610e+00
1.730297173386251108e+00
1.604873943407587156e+00
1.617113285916089271e+00
1.629905080870498679e+00
1.374541428922447572e+00
1.477335704033731822e+00
1.433066014386602749e+00
1.459548028778818729e+00
1.501666599383087330e+00
1.708649664657080569e+00
2.038788769544379598e+00
1.976802918073462312e+00
2.002207041998854020e+00
2.274543627217055164e+00
2.211067686741742033e+00
2.047153251131371920e+00
1.992800825412049726e+00
2.010180525444647426e+00
2.303467589629478063e+00
2.546898904733037483e+00
2.258192413862719850e+00
2.464622229076516291e+00
2.406887644100711654e+00
2.578403113436934291e+00
2.204748697905844601e+00
1.924562909712588921e+00
1.530317520470880766e+00
1.442292936680129367e+00
1.603017906832411743e+00
1.418051205444358587e+00
1.607481145310368120e+00
1.629939401028138946e+00
1.689150719624378016e+00
1.724271535992412119e+00
1.826995519377307531e+00
1.748960465747753545e+00
1.650145384656485081e+00
1.767256787995714395e+00
1.928773478099979899e+00
2.032541217751077323e+00
1.781348509584776529e+00
1.934253308789315229e+00
1.789592737095581754e+00
1.618815913818643537e+00
1.348017848787507411e+00
1.290378858619257052e+00
1.141088213697256659e+00
1.216657573579090990e+00
1.234058009393332433e+00
1.125671900990318886e+00
1.183977911305918118e+00
1.916671861539645638e+00
1.491405235330272694e+00
1.369343532989957923e+00
1.652079769694022593e+00
1.928370710527586240e+00
1.808520731555453898e+00
1.880372483074823409e+00
1.870705470070417098e+00
1.732508720240191868e+00
1.533977146409552184e+00
1.407501283648847856e+00
1.331695184130413656e+00
1.296539345896101647e+00
1.383230265208368337e+00
1.495684116356857052e+00
1.542283152048309347e+00
1.836665642662991260e+00
1.932813129645231998e+00
1.745442995392625596e+00
1.541141023672085941e+00
1.509829280560252451e+00
1.304422834725737390e+00
1.255579250300826288e+00
1.240089587155114748e+00
1.271342781298649527e+00
1.241971514841875956e+00
1.397605148206279679e+00
1.439738452742141739e+00
1.528886090034989653e+00
1.475292261838061947e+00
1.489653052414303014e+00
1.297664436144747580e+00
1.487055434058813796e+00
1.367744782615330612e+00
1.178646059183742656e+00
1.262310887793039571e+00
1.211938843599709159e+00
1.257960568751190333e+00
1.486532415576681032e+00
1.434418456806917819e+00
1.434774651301882642e+00
1.452380627455838180e+00
1.411268318829157487e+00
1.357843958272392682e+00
1.532449014151708644e+00
1.493236627135837047e+00
1.446642074334208772e+00
1.554172805515457556e+00
1.374440713352229615e+00
1.338936466311107409e+00
1.245182811848294380e+00
1.520076972995320297e+00
2.131140343005549109e+00
2.031014725448903047e+00
2.141892986925731268e+00
1.941593811675041525e+00
1.995232942424483458e+00
1.877775542294409350e+00
1.841444559015168458e+00
1.778516990878528992e+00
1.369670716431764301e+00
1.419950421026122678e+00
1.367407929728380989e+00
1.330570043148919357e+00
1.555130140945156114e+00
1.495155124027395033e+00
1.618712519770713731e+00
1.360554453750416171e+00
1.814318180453875051e+00
1.514510067777410152e+00
1.438511911908449514e+00
1.758154748477795071e+00
1.453681996094289275e+00
1.898765175259971461e+00
1.817909192955921682e+00
2.031518064936221446e+00
2.034271208645687778e+00
2.333988126944973374e+00
2.505304612563975297e+00
2.055012995310037560e+00
1.865536465109720154e+00
1.685328197332219391e+00
1.644399561482956518e+00
1.947766545097685764e+00
1.929181545292737443e+00
2.043115884158698936e+00
2.015422037795949528e+00
1.897521012235041216e+00
1.608841558319422438e+00
1.736506314172165721e+00
1.731463865596641671e+00
1.577048056456058056e+00
1.607214859097451543e+00
1.571781227110563339e+00
1.549114510330386274e+00
2.205366560777251461e+00
2.052621911921766351e+00
1.931971351549317095e+00
1.704022434354572457e+00
2.148352386636625422e+00
1.785989918899764106e+00
2.163465338093112145e+00
1.886675747070404530e+00
2.066486837050657943e+00
2.075402698593635797e+00
2.118151630483033454e+00
2.010917461362454528e+00
2.178739213250920681e+00
2.197597756446561412e+00
2.220060521091468786e+00
2.217821800833165380e+00
2.277166778914775591e+00
2.206948774869789798e+00
2.277632714939738179e+00
2.470440217846976427e+00
2.540404257868641658e+00
2.248889201351023548e+00
2.341597807109226714e+00
2.117625279696214058e+00
2.051296367353153016e+00
1.758457535279825068e+00
1.760266224918290323e+00
1.688023408098352496e+00
1.607701356678931992e+00
1.684592348680324037e+00
1.692195030324084470e+00
1.803997759617554486e+00
1.813179555860619407e+00
1.751356181867543826e+00
1.694557442219900567e+00
1.749774750457501860e+00
2.137823028682678927e+00
2.033502669472808666e+00
1.900251779758665327e+00
1.714715884494580678e+00
1.951901300099242009e+00
1.826437019979062049e+00
1.635522177661471011e+00
1.677257685877427962e+00
1.761713828578272301e+00
1.356029028062412989e+00
1.427141056692499355e+00
1.422427837289736319e+00
1.234730007198790114e+00
1.123352637295133238e+00
1.237892579166278484e+00
1.529467890641322381e+00
1.459818717737491500e+00
1.268435566841111140e+00
1.320315983789322800e+00
1.410197613538172412e+00
1.375034349828571756e+00
1.315030190251058384e+00
1.338089464069751378e+00
1.251088186195459029e+00
1.319899289920282603e+00
1.265362490811669183e+00
1.310984830777435661e+00
1.555817552050145824e+00
1.432551364841484487e+00
1.242289286381557334e+00
1.350468399675447628e+00
1.559879908529989923e+00
1.461802503542805276e+00
1.357591298359992704e+00
1.072946728479783340e+00
1.166833674033470158e+00
1.134096831259098215e+00
1.092529024546079475e+00
1.255773606591515046e+00
1.396950559938091363e+00
1.549675795582857951e+00
1.573340209860796257e+00
1.262472188136713358e+00
1.482206347850458350e+00
1.662585278025090929e+00
2.220359969635287367e+00
1.949538735830465885e+00
2.034127297238373711e+00
1.721091065973308520e+00
1.952189241912990925e+00
1.544166218847913719e+00
1.514886057596977142e+00
1.654359610924803992e+00
1.723757436521192732e+00
1.628224239474974855e+00
1.534545272345848588e+00
1.624385979412521053e+00
1.259673418174223070e+00
1.705061431690616303e+00
1.618093251214848038e+00
1.612726615331770974e+00
1.264478281922834624e+00
1.222996158386972843e+00
1.423105661037429748e+00
1.645238903495488847e+00
1.722399207648507513e+00
2.039919778833942487e+00
1.576354513103479293e+00
1.899644252732876071e+00
1.536243399316127523e+00
1.605677741833221761e+00
1.859078292592507342e+00
2.108111859843951663e+00
1.971021392868287370e+00
1.790282636399114002e+00
1.996425485573001701e+00
1.807650231741222413e+00
2.383390709261361540e+00
2.299684433242290549e+00
1.977677968980584566e+00
2.348789534045199634e+00
2.161973409666954282e+00
2.137535072675805559e+00
2.023870138198167634e+00
1.967742052926360508e+00
1.568587791948569343e+00
1.427174227378785520e+00
1.509377689856502558e+00
1.509783684092957046e+00
1.425262927352116682e+00
1.201027208489137799e+00
1.225513242071838427e+00
1.273813368613755603e+00
1.237925526591695302e+00
1.333327829918560470e+00
1.267929041862298822e+00
1.425965221624415413e+00
1.342913084474032459e+00
1.273557656375508884e+00
1.353880404338820620e+00
1.324352245502459224e+00
1.196775497631496599e+00
1.127185483264859789e+00
1.068806557180133510e+00
1.128429727575816832e+00
1.036028630902863679e+00
1.275995918021486375e+00
1.309918635499740747e+00
1.221715531198154459e+00
1.205870310001124324e+00
1.202553392196962001e+00
1.352885792291217415e+00
1.310833282870539129e+00
1.350601983459250199e+00
1.460827177683462930e+00
1.767733685070516536e+00
1.551501358009252929e+00
1.404756283760447921e+00
1.862048511109881010e+00
1.716541553046697421e+00
1.755550430299029463e+00
1.740549400001511593e+00
1.794782512439412336e+00
1.782959018583627930e+00
1.449481656427161091e+00
1.475336456790067530e+00
1.432511768194576263e+00
1.277590680549595792e+00
1.454167317021759942e+00
1.585759248546624978e+00
1.476415405418749938e+00
1.736294739559974376e+00
1.391730332504475420e+00
1.398534513372501786e+00
1.566662180614073918e+00
1.550035158295955950e+00
1.508452247383515354e+00
1.480906749557821644e+00
1.288393759797574312e+00
1.638442797058482059e+00
1.514947620037226717e+00
1.530089851321428940e+00
1.299438249542109514e+00
1.450439024896181373e+00
1.802980364187036777e+00
1.589537763850294327e+00
1.787030241346881709e+00
2.507502012603044061e+00
2.108425143555546999e+00
1.902350024045798227e+00
2.159088256640840697e+00
2.211670711707593995e+00
2.049433870321778262e+00
2.194518341866361411e+00
2.105592827545037959e+00
1.975086909996397910e+00
2.041760115676196197e+00
1.773085602287312490e+00
1.958995760580355183e+00
1.686501823730571559e+00
2.022984869672526997e+00
2.247059480391056852e+00
1.986668408149885767e+00
2.033597963743944526e+00
1.848567973548287613e+00
2.429683213819329168e+00
2.004144081649295916e+00
1.799638258068119612e+00
1.897835421647948939e+00
1.859204714007774761e+00
1.960567620255774246e+00
1.733187012282140449e+00
1.705565445139267000e+00
1.636374817679180360e+00
1.468823234479311068e+00
1.893594992293833990e+00
1.663311079358384736e+00
1.412991398072517502e+00
1.354578449038937205e+00
1.187461428972037103e+00
1.225337070644864745e+00
1.327823745545451573e+00
1.426871002634111596e+00
1.726462015049208265e+00
1.718551525245057610e+00
1.759056204072268814e+00
1.375062659294608913e+00
1.682594331557412559e+00
1.339574378382381248e+00
1.487077523896778830e+00
1.454510103613759320e+00
1.727412963819508818e+00
1.918595591732183525e+00
1.967431938084577725e+00
2.281233662692163655e+00
2.111322057086816084e+00
2.120064998056573113e+00
1.719012848968727303e+00
1.726336395110866562e+00
1.864344463156581089e+00
1.848078211759311973e+00
1.890561515821734817e+00
1.627044875240803767e+00
2.014430400986780167e+00
2.191194937315598334e+00
2.559500422857803770e+00
2.302015585752478000e+00
2.610044480564940983e+00
2.629195682665191214e+00
2.515673105138413579e+00
2.377096121252471050e+00
2.521366506013517750e+00
2.831703556242258557e+00
2.720335700178214466e+00
2.685686463874034757e+00
2.526428658308657482e+00
2.366968811974295317e+00
2.297185670877091912e+00
2.372047358574917109e+00
2.306900561404290340e+00
2.129522230961773843e+00
2.163536712693288511e+00
2.181465016531189516e+00
2.144096752512499648e+00
2.080275926340649839e+00
1.970506348150832032e+00
2.213579771584972544e+00
2.247216118832509490e+00
2.193618502251714286e+00
2.264464199382777654e+00
2.091063050831374337e+00
2.716774572212594219e+00
2.636555636037926753e+00
2.095468519292013720e+00
1.598136201138201651e+00
1.579787544368132179e+00
2.018736082573967305e+00
2.174126567924005382e+00
1.854659342197368277e+00
1.706489415462350667e+00
2.103394749549580389e+00
1.872979611969162406e+00
1.658388895565489962e+00
1.710544598482781176e+00
1.848967175970832599e+00
2.045949007947688969e+00
2.041304184485032369e+00
1.937167203477844213e+00
1.708559638879843634e+00
1.597171433493072890e+00
1.814968137002470616e+00
1.657412294787392604e+00
1.931573372917016362e+00
2.118795123883709941e+00
1.850749142716737072e+00
1.874709096077269876e+00
1.982578535748968029e+00
1.823738353251930011e+00
1.719886968869758892e+00
1.724147616566588104e+00
1.899129827241527124e+00
1.633922059307387320e+00
1.744477672122258571e+00
1.653684559934582854e+00
1.651551436794941985e+00
1.567420125304759493e+00
2.089688155595321284e+00
1.795825357689979418e+00
1.762489539001518501e+00
1.792888216667183343e+00
1.848016360214943532e+00
1.579689984414310411e+00
1.864756381286577280e+00
1.570264249301943416e+00
1.326926375948348724e+00
1.326441748188708081e+00
1.763669034118341195e+00
1.398262515644109305e+00
1.480545206853422613e+00
1.672647321470305704e+00
1.567536143456731645e+00
2.336863537758371301e+00
2.568003874045693635e+00
2.644174672527060288e+00
2.214189147821342019e+00
1.993116021196976950e+00
2.104088371351582332e+00
2.511520420460372716e+00
2.659810535617899152e+00
2.233425956604573326e+00
1.960675687594168215e+00
2.556804098636105138e+00
2.852995005705361908e+00
2.502023090529448268e+00
2.146196393160720639e+00
1.932382451108400234e+00
1.824749855029036638e+00
1.883729511200333606e+00
1.843530962040775378e+00
1.622942823401271939e+00
2.084101818549397134e+00
2.222733274354807165e+00
1.718646787049090463e+00
1.814739724855388037e+00
1.767735363443492025e+00
1.461138864364061707e+00
2.184094504577070328e+00
1.817054344903051621e+00
1.933598025719772240e+00
1.757553443703379292e+00
1.933121370831994756e+00
1.940619489505756023e+00
1.797679340957844873e+00
1.522805523802768679e+00
1.606415183764772436e+00
1.600653642610341265e+00
1.887135767369524153e+00
2.366905150994249141e+00
1.889387205387013324e+00
1.959950595314626343e+00
1.969440171038874032e+00
1.901679317201498520e+00
1.875441195493455560e+00
1.791169356038783356e+00
1.720693916920251088e+00
1.869409555527476119e+00
1.566953492667144232e+00
1.402567822565343070e+00
1.539541152359191756e+00
1.409153760993146820e+00
1.454442143080030281e+00
1.696149831671817765e+00
1.578694478611033958e+00
1.797685178775552561e+00
2.033699670579394603e+00
1.879892673723230434e+00
1.534475182671283466e+00
1.669534332878844340e+00
1.288395776711090956e+00
1.729865357338552956e+00
1.954422379685415656e+00
1.489919951603349446e+00
1.383462990083254240e+00
1.438177080934556429e+00
1.418846721962097490e+00
1.402350312664103038e+00
1.159721107184118916e+00
1.274269638703661833e+00
1.154191880211105747e+00
1.185892802057644246e+00
1.219926497739622029e+00
1.435599609927200593e+00
1.390738253369505628e+00
1.307341515389984110e+00
1.444378133268673814e+00
1.289089958644049627e+00
1.197598215265309518e+00
1.099953811540286486e+00
1.291595887374767271e+00
1.246452937847360110e+00
1.651026458417794718e+00
1.979896808826717702e+00
2.347676280709573682e+00
2.254027443783804596e+00
2.335327422926440022e+00
1.993945517638382459e+00
1.927176393375163777e+00
1.746303497459951393e+00
1.600867836160936752e+00
1.455751280985202678e+00
1.549093180487583599e+00
1.415191568910387776e+00
1.749849909009360660e+00
2.271643489498836654e+00
1.844907299280790669e+00
1.741715214002455658e+00
1.546133807574870733e+00
1.352992200745922524e+00
1.207214782405930498e+00
1.163765611567360692e+00
1.200664981696715428e+00
1.163825060702804004e+00
1.222430525589531580e+00
1.130819742681714146e+00
1.405197457855390297e+00
1.563187422719493513e+00
1.575876216348031766e+00
1.724935817447397213e+00
2.006909783029463323e+00
2.303667231639871193e+00
2.118609244757938992e+00
2.558398183624962741e+00
2.885652705786469596e+00
2.649036447249753845e+00
2.303552823654900106e+00
2.287646244417385066e+00
2.581917285324997646e+00
2.086193167570729923e+00
2.005382253975612539e+00
1.665535549417842764e+00
1.996020567760688813e+00
2.212712335103571792e+00
2.264998153091677402e+00
2.207596640867460547e+00
2.253552560017252127e+00
2.296995939846785628e+00
1.678792872859212970e+00
1.747956956810575058e+00
1.852943445278610657e+00
1.832788388243446809e+00
1.716414581586074961e+00
1.221621108484745477e+00
1.173779781040690029e+00
1.216223838405451119e+00
1.541381624153602692e+00
1.555227494984151804e+00
1.470567885615970960e+00
1.420783487863620298e+00
1.537963325091421085e+00
1.243570750794442903e+00
1.137078098453611075e+00
1.150108773077344493e+00
1.109144608484836203e+00
1.074351762472039118e+00
1.247757618217179676e+00
1.290407184218934411e+00
1.198517079126113272e+00
1.329313316886123975e+00
1.397557900048048252e+00
1.523734039664976780e+00
1.623196906310491627e+00
1.780698187532659293e+00
1.776585627346026541e+00
2.005144949789861908e+00
1.940824560315656644e+00
1.613017552362278728e+00
1.331489328848618259e+00
1.721782600916120787e+00
1.454253121381795744e+00
1.377007400729977071e+00
1.682945108405289325e+00
1.748749299878179730e+00
1.687035317465673145e+00
1.635941475578188475e+00
1.553029504044965980e+00
1.288023432180314121e+00
1.438699259144441411e+00
1.445353621255120569e+00
1.838977243958819674e+00
2.104547210321704664e+00
1.906121838537263136e+00
1.943404455054727809e+00
1.520970610705559389e+00
1.546582695879012315e+00
1.607708450458861238e+00
1.585722840452893578e+00
1.383125528923251579e+00
1.458713610728697097e+00
1.505240884555458125e+00
1.575605223405780464e+00
1.326602943661065792e+00
1.395386645714717488e+00
1.669699586656890666e+00
1.904380199230487181e+00
1.784651054738282117e+00
1.330387806867270539e+00
2.081728428334259196e+00
1.782562771115465017e+00
2.142002171490692053e+00
1.485150047752771485e+00
1.428140213055944185e+00
1.969610259643798988e+00
1.892203799982270729e+00
1.738561941649399145e+00
1.959070285453393012e+00
2.072600666582717466e+00
2.414098101648361805e+00
2.080733584231832189e+00
2.403782631729852071e+00
2.093542169277927023e+00
1.880187246203356199e+00
1.829994950172620705e+00
1.876084215944108458e+00
1.612184080042508683e+00
1.588287809396036199e+00
1.638581840608974494e+00
1.864958483257796118e+00
2.057361051021859399e+00
2.374378455132422072e+00
2.242442242055614265e+00
2.430257951592023957e+00
1.935844123418799745e+00
2.007407398635178364e+00
1.818765037423531572e+00
1.901698345090859110e+00
1.920080495687476407e+00
2.037745143265513814e+00
2.119815777513900379e+00
1.890990231256154175e+00
2.115104556837889671e+00
2.013436677753531523e+00
1.990473058751567326e+00
1.708622109578323833e+00
1.781307274675616004e+00
2.192880986144264188e+00
2.069690543218895673e+00
2.342966836078688164e+00
2.047018922553809350e+00
1.918110672645275905e+00
1.728484620671961070e+00
2.117783664861178750e+00
1.791265400320166679e+00
1.990934969332971649e+00
1.877035548998614134e+00
