1.498626496672095687e+00
1.486447885723547468e+00
1.531835828723207005e+00
1.499606978721686579e+00
1.680436718760500714e+00
1.563201301747241700e+00
1.246468544147060875e+00
1.460509458133377514e+00
1.577243965131473802e+00
1.763256935686521532e+00
1.770437470693122961e+00
1.546516978967001688e+00
1.567130594490498519e+00
1.393652612592392703e+00
1.059991786396084379e+00
1.142996066278676892e+00
1.237547974713753440e+00
1.537382719316619628e+00
1.554203971589994460e+00
1.559366032497793597e+00
1.643826880114475975e+00
1.799267070827938797e+00
1.952995934236980036e+00
1.468581681016642548e+00
1.414335631310985164e+00
1.384640312350384317e+00
1.305902855275181906e+00
1.437493551166944217e+00
1.204737461424114420e+00
1.283814820968421699e+00
1.151286788612553957e+00
1.125816201373591285e+00
1.141038369807700681e+00
1.003343622011329872e+00
1.022212649624104408e+00
1.079488321035246612e+00
1.176096247675017192e+00
1.178240176718641896e+00
1.257948839359093185e+00
1.135491810499694720e+00
1.190562515909027619e+00
1.162584282079357267e+00
1.329457915368347010e+00
1.134768068466740054e+00
1.127074534661960170e+00
1.501644639171891837e+00
1.198460488600741503e+00
1.200065569684173994e+00
1.122152533826300980e+00
1.171221440257330881e+00
1.378763382948561045e+00
1.290082646873181638e+00
1.239509448182846807e+00
1.335810292588048620e+00
1.388089064330037425e+00
1.262497266301127574e+00
1.343955803372894886e+00
1.561777058365997561e+00
1.626974961660087038e+00
1.386758331393305621e+00
1.471961840386307507e+00
1.310745048957645320e+00
1.408030292494864222e+00
1.341044277934330564e+00
1.475317451722177875e+00
1.635348324254110253e+00
1.496651938978079244e+00
1.591522252981509844e+00
1.718571829977170839e+00
1.996392606766400846e+00
1.850130461628916922e+00
1.787225346147805816e+00
1.782638743644303192e+00
1.930566047481475866e+00
2.003918878268827086e+00
1.892431238968773854e+00
1.693224102649933505e+00
1.632245840445797569e+00
1.813746651953763944e+00
2.074858576818579436e+00
1.815562389042757019e+00
1.972940548712001974e+00
2.196663077534691588e+00
1.956359473733091825e+00
1.793955679550559346e+00
1.914540816375271293e+00
2.083191502726045918e+00
2.422464803036298520e+00
1.897402148092745877e+00
1.700184701166500334e+00
1.525968589212518323e+00
1.454834225042630935e+00
1.451740133896761265e+00
1.708524932815525865e+00
1.541932409102283685e+00
1.452148762997115483e+00
2.115705551161272790e+00
2.061338734535168360e+00
1.740114147634696184e+00
1.943277251775075376e+00
2.108651661676273825e+00
2.128153884922394212e+00
1.920906812872943847e+00
1.635218496496933627e+00
1.473297230051127338e+00
1.247007767117038091e+00
1.065613792928078674e+00
1.002476517903545972e+00
1.004318474389045646e+00
1.264863484262479298e+00
1.195037057685613968e+00
1.406450990654946054e+00
1.250533677499585217e+00
1.255326844218940252e+00
1.342102456773303754e+00
1.353602349842724317e+00
1.279363737878711493e+00
1.197166692724658255e+00
1.179919855477862489e+00
1.165691608164064919e+00
1.304822142870157853e+00
1.309621348677955988e+00
1.314163654439786555e+00
1.319820995204818992e+00
1.218526235011630376e+00
1.237517502755254517e+00
1.433114816795967306e+00
1.160225518866698335e+00
1.274109584136732920e+00
1.230865486978416135e+00
1.264960629183291552e+00
1.516103667330579885e+00
1.321389964758422852e+00
1.433692459791596097e+00
1.451982768235740462e+00
1.338213558568771777e+00
1.372043060773852075e+00
1.467134568266302175e+00
1.352269132116865613e+00
1.586368744385756147e+00
1.236735126478148539e+00
1.116516012117007683e+00
1.181332025232950222e+00
1.219652102442283947e+00
1.269016731221547900e+00
1.382425329315092988e+00
1.484106230963727180e+00
1.298824525342793468e+00
1.204647204741708499e+00
1.324219679148125772e+00
1.252022429052300989e+00
1.296003123192607909e+00
1.380387268757241159e+00
1.436397309301604919e+00
1.495850603041410931e+00
1.829563618159484095e+00
1.392206051264338607e+00
1.267781130011992552e+00
1.238144789488843101e+00
1.256859673450271941e+00
1.437180516487205573e+00
1.470022978292531146e+00
1.141812545550518365e+00
1.244657723789948545e+00
1.364554703251578127e+00
1.374303204763032582e+00
1.457639520235844088e+00
1.554500448947896185e+00
1.496687999648399936e+00
1.524014424090055719e+00
1.355010331886621122e+00
1.320827153236895590e+00
1.329641474874733165e+00
1.586256077315762347e+00
1.688722860606661547e+00
1.577022756584220975e+00
1.613288461263043816e+00
1.288030316339535242e+00
1.216844599812947791e+00
1.403496632211918227e+00
1.510334079909089855e+00
1.415094939420709519e+00
1.318903799264842691e+00
1.295722133039424850e+00
1.401378621939175062e+00
1.284694090573083258e+00
1.247586977512722628e+00
1.271484943652577471e+00
1.458113083065566862e+00
1.295140302975021029e+00
1.267172072550382111e+00
1.271062203541821312e+00
1.075534640565477318e+00
1.206874577053029585e+00
1.173823802484357248e+00
1.090475315311173921e+00
1.167774968097303967e+00
1.300842361558057991e+00
1.236494955989872135e+00
1.210626489043046261e+00
1.254123592245886654e+00
1.085244046722650957e+00
1.101388340161146173e+00
1.119438803331181509e+00
1.227978609733745508e+00
1.084302625602140191e+00
1.314284945850832109e+00
1.121686963448712993e+00
1.277150126604309932e+00
1.184533784438011494e+00
1.249426753075941532e+00
1.372365847430597530e+00
1.494515337706210589e+00
1.690309500971826084e+00
1.402260556881387732e+00
1.318391661760492051e+00
1.395713365792191407e+00
1.469192300984950350e+00
1.190705094860150082e+00
1.241712192789116820e+00
1.242051334720041922e+00
1.510432422920823026e+00
1.581003982411261832e+00
1.301509897081655431e+00
1.250854761825861861e+00
1.169226205879368319e+00
1.152519162078913029e+00
1.131273259206050819e+00
1.337486370867503771e+00
1.431310863611298778e+00
1.242134064322451659e+00
1.104368313103389676e+00
1.086432550229610383e+00
1.122921016113974879e+00
1.199093532044975818e+00
1.333259437311137496e+00
1.292303871930705617e+00
1.272360177380498669e+00
1.241663687946321204e+00
1.303251042516327063e+00
1.175627605346698079e+00
1.148677736262588178e+00
1.202014413272172177e+00
1.185206666425728805e+00
1.296340353749912744e+00
1.277688797574709101e+00
1.178708534386150752e+00
1.162611439401110669e+00
1.174030121307170216e+00
1.207420435968077355e+00
1.211142684803007796e+00
1.215170120056054293e+00
1.266279593176752760e+00
1.198902629718205270e+00
1.222182406885699013e+00
1.135564344594206743e+00
1.139096295764628675e+00
1.270954952438853702e+00
1.613734962884965318e+00
1.664979941589471935e+00
1.337258802182929252e+00
1.600338651655091260e+00
1.397940078451009871e+00
1.561844872836578135e+00
1.378755901842781517e+00
1.183076274758857460e+00
1.252832382712249615e+00
1.263435743997308736e+00
1.500544642318081490e+00
1.675315420715738801e+00
1.757158624733507368e+00
1.367656802105546854e+00
1.505227822637536406e+00
1.319719289154004827e+00
1.408244359792369949e+00
1.514379034856808914e+00
1.419681814141857679e+00
1.378897776903420969e+00
1.173077106035552042e+00
1.107035447930786898e+00
1.174628681998194590e+00
1.406805523062536922e+00
1.557942796502277849e+00
1.300536530443134664e+00
1.750845933019298473e+00
1.778199804427037067e+00
1.583714000862396443e+00
1.822156145793425441e+00
1.983052603393788749e+00
1.629553692973911172e+00
1.770530475762978728e+00
1.677504326717996541e+00
1.500960464372249836e+00
1.466527254135231884e+00
1.472264821728354711e+00
1.543543320871080260e+00
1.588017375294774158e+00
1.514053145894191488e+00
1.261119532297890089e+00
1.808017499245963000e+00
1.737703767722235115e+00
1.443875739927221957e+00
1.218586714655991443e+00
1.421254939700837827e+00
1.225986771394628860e+00
1.329817567350012109e+00
1.249158231901013050e+00
1.350519922466065115e+00
1.253494037763177138e+00
1.320959839808559133e+00
1.238142053390904440e+00
1.140436234426558615e+00
1.276859348052623133e+00
1.239831646480213490e+00
1.455195633288201229e+00
1.643358346983678109e+00
1.529409266982197924e+00
1.412793940547928395e+00
1.462083649303094646e+00
1.356714570945315668e+00
1.322048378241983402e+00
1.491902834669616595e+00
1.346685930552085741e+00
1.444877197327671059e+00
1.214978413064569995e+00
1.173878046360595784e+00
1.284001263579240160e+00
1.323247483904817612e+00
1.509710238615947109e+00
1.539412276245910149e+00
1.430081087579630594e+00
2.053378307431091621e+00
2.193809746962148033e+00
2.352599611924877099e+00
1.992275612013329145e+00
1.841608155066599473e+00
1.422593164967515200e+00
1.702164899509473805e+00
1.757065173786757972e+00
1.838591491203675821e+00
1.441267936263391114e+00
1.704753576455915409e+00
1.685350532021852032e+00
1.573922203858826308e+00
1.718215340058332208e+00
1.608816499831897673e+00
1.483055298726160709e+00
2.099819386024771806e+00
1.942992341770484188e+00
1.922087065671721495e+00
1.682044715788045153e+00
1.611056867457668851e+00
1.620032476067571281e+00
1.583719602100742696e+00
1.451660611543706736e+00
1.338533864807564422e+00
1.261102557615049857e+00
1.342298856315053746e+00
1.395987607810794007e+00
1.434586389302467291e+00
1.433743483728263879e+00
1.419520484835716134e+00
1.281788402339681943e+00
1.438271544964650595e+00
1.502829149756523153e+00
1.558099448080853433e+00
1.706557225020707058e+00
1.558784015464093509e+00
1.564217071100464374e+00
1.489261498036307252e+00
1.678523257186043782e+00
1.836035626984800606e+00
1.982485487403582880e+00
1.759781576080114762e+00
1.827923587159684615e+00
1.631754364385207712e+00
1.717225963369636066e+00
1.926956914621464456e+00
1.865214899493360168e+00
1.685849066193684243e+00
1.716611340948499764e+00
1.435070850695008282e+00
1.519142801434467671e+00
1.368487067384199563e+00
1.763837483495067193e+00
1.728228623093727823e+00
2.045249522528210573e+00
1.964236487264248598e+00
1.644108434229890170e+00
2.136262869713133838e+00
1.530671627282550240e+00
1.648085117322539261e+00
1.680644644246616970e+00
1.422956084933450605e+00
1.762660992870727972e+00
2.091029374921526074e+00
1.992941581409604979e+00
1.642379671009431608e+00
1.734288595907336861e+00
1.464143670195410030e+00
1.536715186213639006e+00
1.699549354374927823e+00
1.585658271607366387e+00
1.448855927752878081e+00
1.480339429193399781e+00
1.367087660275410066e+00
1.211195831420939228e+00
1.379204040019267552e+00
1.548448676243645572e+00
1.382098480712444122e+00
1.314721351616091383e+00
1.322449385812697553e+00
1.318083242689488177e+00
1.534187010732694256e+00
1.463610236781246243e+00
1.286034495025176305e+00
1.293031870709468567e+00
1.257551818042702552e+00
1.258912996972480602e+00
1.110817778079364437e+00
1.130303608378863345e+00
1.159683833952138476e+00
1.240697188091858250e+00
1.186030391693529751e+00
1.331633317041962750e+00
1.596861107330068474e+00
1.540573945636525277e+00
2.469062645870131689e+00
2.097126832153296316e+00
2.152547143545868291e+00
2.337120256496628468e+00
2.284685445864756748e+00
2.494909830989881172e+00
2.147073966981086102e+00
2.418513014462151389e+00
1.825864654082118621e+00
1.414659530087298833e+00
1.428982345049489400e+00
1.523864614236065007e+00
1.496658915535419521e+00
1.602995238154029556e+00
1.426506078652426623e+00
1.574138154557904290e+00
1.506259881282400404e+00
1.429956717298103364e+00
1.504123753617147896e+00
1.533484503437248847e+00
1.630989598920407735e+00
1.403373476577254531e+00
1.252949127007539909e+00
1.293956394753230432e+00
1.311234221646477849e+00
1.310093536503425637e+00
1.320627451218747916e+00
1.405947692570901353e+00
1.232131759709112373e+00
1.340048907130035882e+00
1.246244812313964445e+00
1.248183820455865511e+00
1.270034023790858946e+00
1.145758212670881404e+00
1.163651149899988635e+00
1.375901373505341363e+00
1.384947845432648705e+00
1.310351780674063216e+00
1.535560742447564131e+00
1.694276820190436572e+00
1.603786208121313450e+00
1.390313073860778070e+00
1.536013411976822951e+00
1.833573066099595694e+00
2.279608808804154840e+00
2.277872976542644867e+00
2.476159323525774614e+00
2.027648888197955301e+00
2.194946902044837778e+00
2.259130735244384347e+00
1.712831647212010644e+00
1.329408955336071507e+00
1.423804444123167201e+00
1.317231270363597329e+00
1.214000750823384100e+00
1.253640963300435729e+00
1.221316806119195242e+00
1.201925675629862633e+00
1.247141180604866895e+00
1.183213454078231308e+00
1.131741685084473259e+00
1.334718146161101959e+00
1.249912738533470069e+00
1.188840136679840231e+00
1.418374038849685270e+00
1.501112030460981295e+00
1.357307855744906977e+00
1.450521362362760636e+00
1.561086013869651401e+00
1.468001204358166278e+00
1.481550783559797413e+00
1.393353304888332644e+00
1.649799859350493891e+00
1.668326158429259465e+00
1.656751626117742404e+00
1.998089065903342121e+00
1.742089207514556648e+00
1.605066802954040028e+00
1.670183574022630069e+00
1.487469932459110966e+00
1.651043520423377764e+00
1.692592038028783108e+00
1.537991742058159472e+00
1.777595038809882899e+00
1.549872767600820600e+00
1.437663352726745059e+00
1.417352200524292449e+00
1.512456165471353087e+00
1.478307670344199298e+00
1.687040482648138884e+00
1.656010952284041382e+00
1.333832863761384546e+00
1.617448535537008958e+00
1.322196018247247862e+00
1.444889354255443514e+00
1.376775353010261771e+00
1.394285422391145168e+00
1.623607900822391148e+00
1.436522487103814916e+00
1.379620441938302911e+00
1.331321873248567655e+00
1.500666183285347843e+00
1.442850168899432850e+00
1.272076011113861371e+00
1.303227784125097877e+00
1.334809502945878190e+00
1.484930931279460076e+00
1.324348406513580656e+00
1.217497642314809170e+00
1.203414071934346241e+00
1.262223227514613910e+00
1.573711485381411590e+00
1.499709678250638278e+00
1.638851197448307762e+00
1.311686959942312436e+00
1.721537487999382554e+00
1.777256983433651572e+00
1.400637202735528941e+00
2.245983241275245845e+00
1.937862747110421724e+00
2.014978294032260475e+00
1.891535278324602221e+00
1.844500668282047506e+00
2.026482984879319993e+00
1.981405835842048990e+00
1.771278163041778875e+00
1.913589126249428674e+00
2.012807006851246694e+00
2.036712938470519596e+00
1.457825133322399047e+00
1.620271568344539448e+00
1.596089940995666590e+00
1.379119863388261980e+00
1.513254326965907337e+00
1.468371876757617711e+00
1.619642551824199472e+00
2.057802360151131271e+00
1.750558256853834038e+00
1.846214530518215158e+00
1.704506366081218083e+00
1.441120204895550039e+00
1.521998430296021665e+00
1.554733828351135161e+00
1.931035533790987913e+00
1.807191142339004575e+00
1.374703181194441015e+00
1.363227177046666183e+00
1.392558012723686289e+00
1.731882657545585236e+00
1.982840820053725528e+00
1.570212844972410871e+00
1.391772420988545367e+00
1.376157983351614433e+00
1.262927778889572084e+00
1.357206901038986224e+00
1.201932438423826355e+00
1.169040133334361187e+00
1.101102148110770562e+00
1.233722467697945913e+00
1.250716947412500835e+00
1.374348000921641333e+00
1.370325291451828242e+00
1.380418471741414965e+00
1.273249162663806056e+00
1.282888457663869497e+00
1.505793212806731951e+00
1.513078470098553119e+00
1.340748466717437859e+00
1.518214732118770227e+00
1.402084760408915720e+00
1.466068591204989779e+00
1.319920663356044521e+00
1.255226908581470013e+00
1.188924816809786789e+00
1.109562613697409272e+00
1.295359345949809615e+00
1.140692931476783523e+00
1.137184964465778991e+00
1.240106048945794015e+00
1.161115815041459554e+00
1.139063588475755617e+00
1.141985338373688208e+00
1.228639511275656071e+00
1.126341589229376883e+00
1.351470375429384418e+00
1.339037769589938698e+00
1.329483730262539964e+00
1.309003696438284514e+00
1.447278974489358161e+00
1.353059262032433985e+00
1.361997439759248252e+00
1.352613660855029654e+00
1.137350895264931827e+00
1.216170121663247450e+00
1.199242799177438812e+00
1.303085619188841804e+00
1.264702136248373243e+00
1.222691086059725318e+00
1.149789445075334759e+00
1.093956771670687278e+00
1.244678011428643316e+00
1.134840718038121032e+00
1.243564110409550505e+00
1.263646467105557392e+00
1.301218102461049408e+00
1.281237339006483067e+00
1.328405691793797416e+00
1.236460714826672636e+00
1.312138201456796827e+00
1.299911500027474576e+00
1.313419771097819932e+00
1.316652708524567394e+00
1.215450704420359962e+00
1.334868207679029695e+00
1.525130806631124658e+00
2.153811581069859038e+00
2.066034600597679738e+00
2.090734133178733689e+00
2.040542517158115299e+00
1.983809491814855441e+00
2.244579431134707814e+00
1.971103414612377591e+00
2.365856772049381718e+00
1.786684698239366043e+00
2.041154121601002736e+00
1.623316589178831038e+00
1.586742461298944029e+00
1.272194676134117408e+00
1.229591309243072361e+00
1.332594551310643194e+00
1.561838885903890528e+00
1.886758315452622403e+00
1.497192461327555790e+00
1.548637441054444785e+00
1.817124681879838555e+00
1.643749571876458759e+00
2.158690699561864434e+00
1.793300915665018369e+00
1.503884386190686762e+00
1.288551577552847105e+00
1.178415895786373957e+00
1.202159908944796740e+00
1.174006680544979586e+00
1.304478787717862520e+00
1.452641179795449933e+00
1.647828292996962762e+00
1.471937254221490576e+00
1.223732160676686220e+00
1.218402599306029011e+00
1.332062332109184233e+00
1.245483655096395026e+00
1.109032322494804434e+00
1.142828203622848759e+00
1.166358414017840239e+00
1.277115705945164770e+00
1.311929014606866950e+00
1.174979502933051645e+00
1.271047167448072557e+00
1.183682449941122039e+00
1.059774690815036058e+00
1.162931502026180786e+00
1.915250835161821819e+00
1.865228134205836774e+00
1.585216742891205399e+00
1.473375572259197241e+00
1.551930837618228587e+00
1.761178156114964866e+00
1.539241541016498349e+00
1.650022675940307160e+00
1.721863597175974370e+00
1.403145557328030257e+00
1.629336560302987680e+00
1.587554002627472372e+00
1.850522328811855743e+00
1.398597383824529583e+00
1.534659344802512093e+00
1.453876437979089609e+00
2.146580272702978576e+00
2.097910537793748809e+00
2.013605927085384106e+00
2.024576358258101560e+00
1.855934665289808327e+00
1.798390321062174557e+00
1.878866779669250420e+00
1.289159331650241436e+00
1.293049354284028674e+00
1.612056098045498764e+00
1.460652018808761277e+00
1.546922319829485470e+00
1.545245872091795425e+00
1.825374825626383091e+00
1.739604625745118316e+00
1.778220253032603004e+00
1.651410759390316674e+00
1.368764723106183911e+00
1.684993401573002147e+00
1.470086712212579139e+00
1.772075197315982287e+00
1.523385785786995017e+00
1.617646352810782950e+00
1.505527601274237792e+00
1.311356264269030847e+00
1.163333224833132062e+00
1.229544059340267559e+00
1.325788406114909890e+00
1.277483404386448029e+00
1.402611542879689699e+00
1.573400736583697723e+00
1.463411583542522543e+00
1.243141757187596674e+00
1.500672471480201331e+00
1.548908831665305019e+00
1.459216190139032809e+00
1.379329322005217628e+00
1.525029732693734985e+00
1.522255811048665697e+00
1.378941359104862485e+00
1.364177743318131020e+00
1.400876892051156064e+00
1.287983121707927392e+00
1.224325511130770483e+00
1.265450533659180588e+00
1.147858162743588428e+00
1.208998107957989676e+00
1.224979201276074736e+00
1.237955138869739180e+00
1.264577239736206504e+00
1.283714232442279446e+00
1.179064637854915665e+00
1.221049273630169907e+00
1.397728535339721523e+00
1.117280828788258962e+00
1.203088351009739654e+00
1.232936043086578337e+00
1.259434308379598466e+00
1.313891904708707425e+00
1.240201237833954862e+00
1.141190348254628395e+00
1.397404373122989707e+00
1.417154033278476888e+00
1.323582395153204416e+00
1.237114062643254853e+00
1.276173902877995925e+00
1.401244926533903090e+00
1.235620495731396540e+00
1.242659092646227981e+00
1.359412538117846569e+00
1.403057118714201579e+00
1.450437081716899002e+00
1.387776637062561935e+00
1.208664412776232489e+00
1.142221688873789054e+00
1.194360660750035219e+00
1.159936204232500767e+00
1.307601247119715371e+00
1.296743335010458686e+00
1.287592261444129083e+00
1.260304490847077519e+00
1.198757960735762573e+00
1.232605770367779963e+00
1.170074956005908051e+00
1.110219394102298862e+00
1.013080803534128105e+00
1.139195968403566628e+00
1.062024251140446740e+00
1.248217097254632257e+00
1.372100462150336098e+00
1.217526527976873441e+00
1.413371612666609156e+00
1.292091788612030001e+00
1.474210303494881025e+00
1.624324670739523135e+00
1.749096345336364156e+00
1.687469733268507799e+00
1.588930141867731294e+00
1.596341623147407907e+00
1.512309058192472966e+00
1.307102523043478293e+00
1.635268355744121216e+00
1.248656383214387100e+00
1.404156130899719912e+00
1.741490489849604417e+00
1.301506613055054551e+00
1.331136000397112884e+00
1.446894851678950156e+00
1.548656775813895381e+00
1.748419712704886386e+00
1.645805414086499274e+00
1.996862954773099830e+00
1.726397526180926789e+00
1.784621423773497639e+00
1.598522171991048069e+00
1.750719436234126292e+00
1.472585135765755782e+00
1.298070043308223731e+00
1.680920658730378214e+00
1.370350718551539115e+00
1.476078314301407346e+00
1.409226760357991326e+00
1.210962834202376159e+00
1.400568216182249692e+00
1.495520042878912825e+00
1.748853219169461015e+00
1.780870281584927328e+00
1.335756664664089266e+00
1.361380096816106500e+00
1.691409266216836516e+00
2.108863287346195214e+00
2.258917071794813491e+00
2.167813674233272536e+00
2.297636249731294100e+00
2.350542163923716288e+00
2.441235194961897559e+00
2.155947350244289407e+00
2.023598718186744971e+00
1.711010468434285503e+00
1.399386679578307202e+00
1.100375892368388842e+00
1.191192670490711647e+00
1.363195506870312101e+00
1.421940731975019467e+00
1.446178218119168690e+00
1.458198116379787024e+00
1.274988782442281421e+00
1.270746036029034798e+00
1.168327795804081193e+00
1.096330549184023839e+00
1.088481824945644716e+00
1.273968133269267833e+00
1.405960587948552387e+00
1.634390965720541988e+00
1.780460573379108347e+00
1.798288494177778807e+00
1.960675974496619123e+00
1.591231347254820294e+00
1.866527493183493425e+00
2.091302667191032416e+00
1.997820208739075731e+00
1.461744592289691003e+00
1.688725900755696063e+00
1.628677033663823881e+00
2.105698762129970092e+00
2.139645110353878277e+00
2.176954989180318378e+00
2.544878961914398108e+00
2.246261118690136893e+00
2.094162044515225585e+00
1.879245282370022530e+00
1.720449235334805538e+00
1.775260093992106381e+00
1.797605428700410846e+00
2.125576011442487090e+00
1.866253103279414960e+00
1.911368981562801439e+00
1.792066641237383795e+00
1.558172929026085285e+00
1.538781203371542228e+00
1.450881133740095308e+00
1.328834286099705775e+00
1.196490615580319217e+00
1.308841556567984732e+00
1.428401479693119480e+00
1.457276147212300144e+00
1.224613388173760420e+00
1.160195277186994778e+00
1.409332417737116039e+00
1.516222210316494179e+00
1.521611250806946813e+00
1.464295439543936705e+00
1.536774152988231279e+00
1.337209030811694177e+00
1.317016194525602701e+00
1.474767532672581538e+00
1.565534698059530605e+00
1.588315203650892293e+00
1.597321488517041255e+00
1.168363418516776830e+00
1.423007497245829978e+00
1.289027119481488626e+00
1.270858633644065039e+00
1.325699799380113397e+00
1.447835331657385982e+00
1.417867615027317285e+00
1.822094705273144433e+00
1.516516610392470765e+00
1.587522423604387001e+00
1.549862773236544422e+00
1.369144538629289976e+00
1.373705188627422080e+00
1.432730624256068452e+00
1.225197286024160892e+00
1.398281736933144170e+00
1.571185996056407852e+00
1.425071182041227846e+00
1.215830786882866832e+00
1.144923928587900486e+00
1.269704969320611720e+00
1.314559250824715919e+00
1.155006572882881555e+00
1.553509765730749947e+00
1.355067981276004030e+00
1.313541361672119878e+00
1.497939673340423328e+00
1.284164291951576331e+00
1.225863516510288687e+00
1.659556817410966278e+00
1.782539502845480683e+00
2.048677777840314018e+00
1.780213165780391238e+00
1.945894152018169398e+00
1.388116258022491722e+00
1.360392784878257322e+00
1.245913240723736104e+00
1.742019796733045967e+00
1.595701929407560282e+00
1.515257226039935068e+00
1.448832312434592540e+00
1.380007764093143185e+00
1.346147893361185677e+00
1.710272921030401294e+00
1.849839455086130346e+00
1.726858784785663126e+00
1.599849183939922481e+00
1.818190695145681879e+00
1.967336724630758926e+00
2.012392547237229490e+00
2.219463460377198771e+00
2.406627303682377317e+00
2.266148780366617821e+00
2.395909755316311340e+00
2.299453868514918398e+00
2.157574945297320301e+00
2.647807561464796677e+00
2.247977563797116218e+00
1.791466369790995827e+00
2.151423283228113270e+00
2.376308742620575121e+00
2.176681312451699490e+00
2.358547366727941963e+00
2.629179945777780691e+00
2.695952872029406588e+00
2.154035423161318352e+00
1.951669161674689512e+00
2.302647356972435500e+00
2.014099651427821325e+00
2.193122148991812459e+00
2.129187745186095437e+00
2.144460423789904091e+00
1.607437859208607156e+00
1.777610964889628775e+00
1.940776826518447740e+00
1.783482126484400299e+00
1.871722017725720777e+00
1.875485620698063460e+00
1.457016490824975419e+00
1.625101082651528861e+00
1.661914489444299425e+00
1.667010309971149740e+00
1.705218289927773689e+00
1.662169427819174095e+00
1.825455466160507800e+00
1.637436077193476169e+00
1.740495150898178522e+00
1.437926359163909762e+00
1.283721691305388379e+00
1.422389438658266503e+00
1.421069057288503412e+00
1.307770862504010312e+00
1.372136187440531341e+00
1.354006654354687145e+00
1.434198025841865620e+00
1.279287436265381217e+00
1.327427206695334538e+00
1.355266563290802084e+00
1.360067625870731378e+00
1.269482062253520338e+00
1.291556957105018055e+00
1.321958877647646524e+00
1.212918613720866290e+00
1.081561767969966059e+00
1.201040654229609927e+00
1.375773265900639641e+00
1.399185632428042503e+00
1.164015755545177111e+00
1.326077980408086221e+00
1.115107131577765420e+00
1.168649682421005087e+00
1.084196485015954670e+00
1.084978244378770329e+00
1.274355832282379808e+00
1.199291025694692037e+00
1.301015662974301046e+00
1.255535417021906186e+00
1.173082657055011913e+00
1.312681432916588342e+00
1.156055148765745111e+00
1.318098353526618638e+00
1.313403870589076039e+00
1.284478692821371837e+00
1.250230911363020780e+00
1.274963962566249442e+00
1.371510635778812048e+00
1.683130933596806322e+00
1.590130797136447782e+00
1.361672605594434371e+00
1.330469008494743033e+00
1.448707051859795314e+00
1.258168240290588935e+00
1.331455889836822948e+00
1.507315375189331785e+00
1.407370810453744570e+00
1.293801994897505470e+00
1.442347405798443338e+00
1.574317724182835221e+00
1.506247491425960705e+00
1.561729806305649282e+00
1.585390065185992903e+00
1.541499759519450397e+00
1.374321675098974405e+00
1.590974253997147425e+00
1.835331429402826675e+00
1.787306266677401112e+00
1.713941774864747192e+00
1.670079472317068436e+00
1.910125688491421503e+00
2.006750159898226915e+00
1.695615362558712036e+00
2.145458844787302866e+00
1.814558445608989379e+00
1.710465164536329574e+00
2.405819533183371384e+00
2.328530971478814049e+00
2.273941230853604889e+00
2.055500050657499411e+00
2.185143659459755305e+00
2.378827637371634385e+00
2.152267997987737935e+00
2.100541742038476212e+00
2.094127658309819395e+00
2.180289699163652894e+00
2.623539789002678813e+00
2.888848457850250462e+00
2.854461496058238623e+00
2.565033246431525527e+00
2.394961563322301590e+00
2.157529174197368338e+00
1.953132851808582870e+00
1.872621165120104569e+00
1.671462749529337932e+00
1.547905009443367286e+00
1.497013301913989070e+00
1.097007699372668954e+00
1.533445124450670827e+00
1.469576588347494939e+00
1.501120585130439666e+00
1.434839309969732080e+00
1.492472576405354578e+00
1.829506261887597240e+00
1.441331548862873957e+00
1.404173224350220961e+00
1.568545081431724109e+00
1.657314215046931771e+00
1.763031531754347458e+00
1.737500643796569877e+00
1.708363082209611861e+00
1.483930910453256757e+00
1.545047999363462043e+00
1.833717110320171706e+00
1.517319609585036311e+00
1.603996412815242412e+00
1.653444015654188526e+00
1.409590825363550293e+00
1.516658806116267799e+00
1.266057478503384237e+00
1.726378994389076160e+00
1.295489216805274957e+00
1.267575486959158448e+00
1.579417537963106799e+00
1.487903558856196184e+00
1.360964854984600958e+00
1.462162308404427513e+00
1.751611445624909891e+00
1.595258373772547422e+00
1.329701648695489125e+00
1.980921830031022957e+00
1.935260183445601356e+00
1.968482652341303485e+00
2.273184197686726193e+00
2.116663208517735040e+00
1.949168446061046556e+00
2.026818745403038857e+00
1.574860389685725837e+00
1.671705939019755505e+00
1.498056311956493580e+00
1.818934125302428928e+00
1.882231144025022562e+00
2.126459384795576391e+00
2.176988816673550264e+00
2.185704531756508917e+00
1.922520424036251008e+00
2.037338533828499276e+00
1.902523879496006431e+00
1.881612866749097890e+00
1.598127773690291242e+00
1.423388140072410213e+00
1.286163918611668677e+00
1.320612374352613472e+00
1.497167592434506922e+00
1.568430437978845404e+00
1.541963619949966890e+00
1.785861137491059569e+00
1.493773023679745293e+00
1.579304464537803820e+00
1.996915529796580380e+00
1.551887813649261760e+00
1.899396660341619469e+00
1.982333382753745488e+00
2.265602833203505195e+00
2.135836245962000834e+00
1.820414476118989100e+00
1.740872244847097239e+00
1.806320685785652858e+00
1.548806137153575069e+00
2.106263557944308751e+00
1.949045573969647727e+00
1.733958156304625575e+00
1.743653016837498626e+00
1.540282279271501409e+00
1.595055032126520445e+00
1.466449871369540858e+00
1.301962613780754729e+00
1.380155285985370739e+00
1.712174729965815434e+00
1.801572477619064916e+00
1.691604889561958647e+00
1.415828648932122347e+00
1.431868582559512326e+00
1.390215203657354737e+00
1.385332805571401371e+00
1.155377133999583306e+00
1.159898830717426721e+00
1.133145153757031176e+00
1.153314317603954420e+00
1.096508098830771605e+00
1.066246006538782876e+00
1.006985205735502209e+00
9.702046893454391308e-01
9.845007112060264465e-01
1.178643140572033010e+00
1.264635435530836016e+00
1.088571851363687726e+00
1.239055116651809785e+00
1.198068067535237535e+00
1.339849932459384441e+00
1.212391340593806266e+00
1.275833757837102400e+00
1.137098116995197916e+00
1.163340739006214708e+00
1.098174883357023068e+00
1.165564758773657728e+00
1.060069628787293272e+00
1.088660594433829454e+00
1.194738122314901840e+00
1.140320699842202412e+00
1.219887048683156117e+00
1.189850172798125660e+00
1.176991299277614145e+00
1.164088206959993377e+00
1.224457085947333601e+00
1.247836290336025833e+00
1.208623726995127434e+00
1.157222627131850645e+00
1.167597142823689538e+00
1.014973753392928169e+00
1.021543326864934320e+00
1.161512496166176689e+00
1.194576051125261218e+00
1.160894720368218502e+00
1.080594424774871998e+00
1.114317205593437166e+00
1.218633636106919660e+00
1.052153788566790871e+00
1.090968667547999704e+00
1.045511124146577542e+00
1.064204312875755898e+00
1.008428333169861579e+00
1.191046440939261819e+00
1.104904918873206299e+00
1.058412495417662802e+00
1.200246797015712907e+00
1.103465134032195261e+00
1.079726587042989960e+00
1.141910327380264656e+00
1.191012540575231871e+00
1.204184820256495536e+00
1.138075154321723126e+00
1.189500869454636733e+00
1.108143822302416481e+00
1.124818571724097271e+00
1.111812853224838582e+00
1.151591505254101255e+00
1.214133400159071785e+00
1.177424346543350264e+00
1.251284518589422134e+00
1.140031478859014902e+00
1.171649447521030174e+00
1.202255885916100553e+00
1.148296816088030914e+00
1.211628680497983668e+00
1.170026485108331071e+00
1.118293567945585432e+00
1.064152024209872760e+00
1.124803057775509485e+00
1.166718522558580773e+00
1.070151981774376981e+00
1.096880952924956798e+00
1.231257041833173638e+00
1.053351759780277508e+00
1.066869509146376460e+00
1.059957668155047772e+00
1.056679134045571677e+00
1.043310182226353300e+00
1.095466813654882410e+00
1.124338271466953643e+00
1.206535808903896445e+00
1.238312046263708499e+00
1.126060862714842292e+00
1.214798395261466712e+00
1.247164670137938858e+00
1.248479427903997463e+00
1.144779000250709222e+00
1.218413910861872784e+00
1.069881777277836843e+00
1.065785539038821783e+00
1.153058847173898949e+00
1.068957697825351660e+00
1.331601374857506626e+00
1.195816504058720531e+00
1.085774808506939193e+00
1.098567942413899656e+00
1.105651876945446421e+00
1.093559801222637295e+00
1.118026616768220682e+00
1.139937175931055702e+00
1.173413758055044553e+00
1.081465720089684446e+00
1.162691905110130541e+00
1.114410027141788273e+00
1.121471347584676925e+00
1.113464588307294889e+00
1.101619313096008579e+00
1.036072036339435565e+00
1.222484148580035956e+00
1.180246238975835693e+00
1.153354402173776938e+00
1.079730768398512897e+00
1.099762269149907157e+00
1.001540322760980928e+00
1.126323529159784176e+00
1.097922486484158133e+00
1.060300508194747193e+00
1.052612506770975953e+00
1.019833872762428761e+00
1.050972816370236318e+00
1.048534072791793337e+00
1.039263044909266798e+00
1.006450339621981716e+00
1.054541300118737146e+00
1.046561822537854125e+00
1.066570207489539346e+00
1.154453094449964912e+00
1.049775872469954408e+00
1.016988913745969336e+00
1.091176619851555563e+00
1.117633764641424943e+00
1.110036933200477582e+00
1.025413785699682112e+00
1.038513504710352420e+00
1.189654837510760732e+00
1.206892974885279246e+00
1.238225814496050958e+00
1.177259872604932589e+00
1.200484246447690584e+00
1.281070811366946227e+00
1.214848712044439338e+00
1.161890047318006713e+00
1.031681978834604774e+00
1.118814071206759131e+00
1.034620542099313090e+00
1.020630345086418700e+00
9.804809886530936325e-01
1.004153109847937930e+00
9.879559591531527074e-01
9.912122349215503059e-01
1.017917775139543402e+00
9.966847512039409551e-01
9.735514320982036063e-01
9.833375419364078773e-01
9.978729231684516643e-01
1.008251799754869893e+00
1.005870760959549193e+00
1.015753097922456050e+00
1.050473893688673055e+00
1.048983078360719023e+00
1.222305465538273239e+00
1.175194543410515324e+00
1.202209837643141377e+00
1.167293595088366054e+00
1.195381287984298213e+00
1.201182780816179019e+00
1.391201870411110209e+00
1.270132398583072364e+00
1.313416857761477985e+00
1.426742263881989992e+00
1.255461964203923309e+00
1.283946503911873371e+00
1.493076692919022896e+00
1.520272775659051279e+00
1.487127246001159753e+00
1.238760052127665379e+00
1.253027607650524899e+00
1.231578462176536881e+00
1.267353841262100600e+00
1.231015035697995863e+00
1.243417371670838323e+00
1.059340405602247293e+00
1.097113245363507072e+00
1.178000437938117928e+00
1.425527495252447041e+00
1.291097774207019100e+00
1.326282151340608673e+00
1.483061344772685475e+00
1.459993599182530133e+00
1.232064500781729244e+00
1.523087835814005642e+00
1.407165678219986615e+00
1.628422827718472021e+00
1.300237731042400036e+00
1.255472403756912714e+00
1.293182509652150314e+00
1.385354299456399652e+00
1.490886059627908544e+00
1.371332086861206667e+00
1.332240298399598677e+00
1.616853320362743318e+00
1.507248177709351600e+00
1.371186620904585984e+00
1.698431867936655681e+00
1.631296909148600704e+00
1.420396926788711323e+00
1.549863975617672418e+00
1.641155723710834069e+00
1.385283564393142042e+00
1.535386499773690350e+00
1.483237541782143509e+00
1.601408747057554427e+00
1.747262079548772551e+00
1.728136128190781662e+00
1.703706818069363527e+00
2.035701870514790013e+00
1.784486891058520541e+00
1.921027320998213161e+00
1.832343258790019025e+00
1.527490864196214382e+00
1.686772632583601439e+00
1.903139732839409737e+00
2.069439784714334429e+00
1.913501791343320768e+00
1.874441004993902427e+00
1.982226683516416843e+00
2.110597175085290544e+00
2.200066884871346495e+00
1.727125643902633456e+00
2.099267638947038161e+00
1.665715125653130402e+00
1.579101564725142737e+00
1.578222337315735357e+00
1.737408391846155142e+00
1.345025808806157741e+00
1.824756559206664797e+00
1.893860139588794400e+00
1.871921752818056284e+00
2.072245924924142280e+00
2.171015918505315057e+00
1.942716271642331849e+00
1.707456887389182443e+00
1.933787564132906756e+00
2.562799460509502136e+00
2.630029515856017852e+00
2.685473439557684916e+00
2.064520520213941168e+00
2.257488704805167057e+00
1.956109470361341085e+00
1.871626817009747645e+00
1.960922528751599447e+00
1.915489850148638373e+00
1.846632156055752594e+00
1.908380889931808655e+00
1.607088086041100539e+00
1.410067927785633835e+00
1.446084225688031299e+00
1.474605164829203563e+00
1.686790928249760846e+00
2.271087461586568157e+00
2.162750098562447931e+00
2.478393020389985768e+00
1.965121987189966779e+00
1.689874423916191581e+00
1.684107727444758895e+00
1.551911998015886418e+00
1.669405275428933244e+00
1.396332816931983745e+00
1.602460285643439342e+00
1.225866783500118906e+00
1.439399351953855710e+00
1.347346639756100251e+00
1.807719692508700682e+00
1.462523040006584729e+00
1.692178175666417150e+00
1.394199693305465892e+00
1.689623738037840939e+00
1.711491740180049126e+00
1.676447528708373769e+00
1.826575865467708226e+00
1.629632697570700062e+00
1.629707734871463920e+00
1.631466974304649931e+00
1.535417966079800189e+00
1.798846967560975507e+00
1.651097723450334342e+00
1.578916221099343709e+00
1.351472408016460180e+00
1.197318874603438665e+00
1.642179938779174009e+00
1.627920386963758848e+00
1.358614498583072816e+00
1.396507356876714567e+00
1.317225634293637260e+00
1.155551754390764962e+00
1.259631985991629621e+00
1.220168431150317367e+00
1.292414019045901918e+00
1.201193029340347218e+00
1.531866461034835147e+00
1.754450543151019559e+00
1.852691283455388804e+00
1.859651579801832710e+00
1.901782493647407479e+00
1.998993995852477390e+00
2.483302236208940528e+00
2.495156141517469894e+00
2.174744943974026956e+00
2.504976642268781806e+00
2.574742411943034437e+00
2.161518140526433651e+00
2.285257003637814588e+00
2.154567298910220696e+00
2.201112675956272913e+00
1.819316116467456057e+00
1.777908460011034641e+00
1.764876643813011903e+00
1.394240682723611346e+00
2.165428390523979285e+00
2.166018103234331527e+00
1.726342954509007432e+00
1.564585163369446752e+00
1.477132546072290831e+00
1.232132546119609096e+00
1.551669140080550457e+00
1.687201322788245639e+00
1.674290036386144820e+00
2.187408687075593328e+00
2.155667420621846020e+00
2.177778604797699025e+00
2.028452988814416269e+00
1.731194576448914280e+00
2.042059823861589685e+00
1.526635230588650805e+00
1.262224052287232112e+00
1.234832484854032630e+00
1.502835459498821358e+00
1.509127549661913648e+00
1.700746275627631920e+00
1.557685266162171400e+00
1.869379667088971075e+00
1.829168576053691986e+00
1.892225606016419093e+00
1.808461172788832005e+00
1.397660565624600837e+00
1.953235359977764318e+00
1.925302074188670165e+00
1.884498826217109402e+00
1.831642474986125979e+00
1.421300687053655976e+00
1.199504047275940843e+00
1.197924086571453994e+00
1.183357573074136804e+00
1.387886954580714871e+00
1.142377444920935181e+00
1.096020176120193312e+00
1.128842207234878270e+00
1.063276834283142014e+00
1.030568025422458289e+00
1.066872663619224948e+00
1.064037951039963126e+00
1.334697337725587962e+00
1.312863422216557385e+00
1.425457274424052567e+00
1.319096735783531704e+00
1.340990893678776219e+00
1.398217122608718777e+00
1.269993030031897785e+00
1.291910719887369829e+00
1.331620945380781906e+00
1.510781363410909073e+00
1.349789038543614428e+00
1.299357170367358760e+00
1.419594888374882569e+00
1.354629305034060316e+00
1.606554652483320300e+00
1.487178401645033787e+00
1.465162003286338610e+00
1.679352917543344592e+00
1.714160731905343127e+00
1.792612084582225096e+00
1.808016745936861014e+00
1.951773429673208771e+00
1.776184358745334313e+00
1.190179273458841669e+00
1.351827094553628150e+00
1.593121206722656114e+00
1.501432947962291209e+00
1.892190118178900704e+00
1.556491600831968025e+00
1.688865514366135079e+00
2.141592705284582898e+00
1.836446693566467836e+00
1.521982004969767655e+00
1.538920901643392458e+00
1.859776547090863374e+00
1.933433982002923601e+00
2.207544860542348442e+00
1.793172579603129924e+00
1.831391220615503856e+00
1.475722218986190715e+00
1.616133756129342958e+00
2.039608021137661709e+00
1.918168010761980513e+00
1.830715949007586163e+00
1.949021641375425107e+00
1.637442590480493010e+00
1.787769384808662210e+00
1.462344431091720409e+00
1.653606839517048233e+00
2.077357478336007812e+00
1.567093143076998096e+00
1.998718833418237084e+00
1.888019964093552439e+00
1.978181700065446691e+00
1.466037410930884022e+00
1.439376601457994065e+00
1.504125365856875174e+00
1.422024452908772219e+00
1.947118162844519773e+00
2.316620907357172854e+00
1.806679335592476621e+00
1.869684714643652601e+00
1.204187500245865294e+00
1.304460710595718886e+00
1.225312861596787650e+00
1.238277073407132889e+00
1.405781291791307286e+00
1.237693576711334398e+00
1.268104118138828396e+00
1.571125808588940131e+00
1.404167711565594834e+00
1.321436487970923057e+00
1.177976028575070000e+00
1.429829029653369332e+00
1.406424042179924783e+00
1.357738555095574062e+00
1.610879773174395346e+00
2.303845070671364237e+00
2.190443116104733967e+00
1.899379261006225450e+00
1.782753582531551473e+00
1.765461227501086583e+00
1.827164674334540884e+00
1.766032717692539000e+00
1.869621534000656560e+00
1.794728442712147487e+00
1.927188494856543644e+00
1.439588295902545223e+00
1.538410885196770383e+00
1.748172212678964943e+00
1.502900705895780398e+00
1.781859147394578402e+00
2.098994033789069125e+00
1.660728622350665873e+00
1.489637944108294754e+00
1.812361641774527854e+00
1.730382376396534028e+00
1.862119768928432340e+00
1.769907901387479887e+00
1.731734368014946401e+00
1.270422882157983713e+00
1.247053714525201862e+00
1.361245142946642783e+00
1.374008659794450082e+00
1.300317148849376769e+00
1.125544122904710731e+00
1.278666267087286590e+00
1.306229796149483535e+00
1.263147500400033429e+00
1.240492201838126141e+00
1.374546140453966947e+00
1.513931219111731785e+00
1.623641362127098864e+00
2.079051274440841812e+00
2.470184120699369767e+00
2.582892381826175754e+00
2.321229081365494551e+00
2.226610750099326186e+00
1.881535778381458801e+00
1.957105357836059545e+00
2.081554669946656055e+00
2.167268959224990965e+00
1.990916269162535279e+00
1.820091284876405258e+00
2.372700025941818058e+00
2.311025905669727099e+00
1.739756700492254726e+00
1.688841818681248386e+00
1.501385675168895872e+00
1.388825051606359384e+00
1.430746859967136020e+00
1.327688245254689203e+00
1.304468254064503396e+00
1.412110929392289993e+00
1.417957337084464697e+00
1.403246834144015409e+00
1.496790244513368506e+00
1.460705199117659170e+00
1.301060877525239468e+00
1.387969165784855630e+00
1.393930843538692788e+00
1.514774546422117174e+00
1.431479071741122988e+00
1.540545006115939142e+00
1.457549211077525442e+00
1.300524285566684313e+00
1.305364580622550230e+00
1.267664991515975670e+00
1.228863112933652912e+00
1.362232470055578570e+00
1.258251647827511199e+00
1.362921084221074386e+00
1.409871376716598013e+00
1.595482767918950273e+00
1.396202335997352995e+00
1.445774002112227619e+00
1.357590708934706125e+00
1.319236868062867662e+00
1.446079065669828800e+00
1.360840346247861321e+00
1.427427936272992692e+00
1.325136275966039001e+00
1.303753138954496293e+00
1.232854162311538104e+00
1.197213218478551555e+00
1.316338884915248419e+00
1.389795778915114077e+00
1.352329141461536599e+00
1.354029410546218060e+00
1.385009042010817204e+00
1.402468028382467535e+00
1.519473039672205594e+00
1.491068367764716518e+00
1.341338446506286530e+00
1.370846946995990301e+00
1.333196091683231277e+00
1.380148216570538988e+00
1.510580909776995773e+00
1.539654171212530898e+00
1.371908334039241950e+00
1.446670796209886589e+00
1.581772501170490841e+00
1.580393193015806608e+00
1.563055200700364189e+00
1.617500937750202539e+00
1.590867004015808828e+00
1.544143359112234215e+00
1.657193093805076067e+00
1.406888784343396814e+00
1.490741303287529851e+00
1.602885023293791456e+00
1.465177611928482948e+00
1.351050395355830158e+00
1.413038660496319432e+00
1.592651387778132088e+00
1.363614108591373997e+00
1.486283035516025919e+00
1.629620175093501988e+00
1.537558102704523089e+00
1.525638053636198643e+00
1.524906744434050943e+00
1.695250034019895269e+00
1.716655957373166563e+00
1.639667533367370922e+00
1.705502044418867547e+00
1.560695023804551829e+00
1.577023082201367554e+00
1.445415115987562560e+00
1.587406973743492156e+00
1.433830732705400290e+00
1.495028109446479903e+00
1.516085764668993141e+00
1.450554521624998205e+00
1.564946800464899646e+00
1.554062319032853523e+00
1.345409610001423673e+00
1.427494416951326173e+00
1.219521744086158321e+00
1.220097306476721766e+00
1.235204801166955635e+00
1.333352744827823511e+00
1.339533875479003378e+00
1.367034937729246558e+00
1.390810791345292063e+00
1.356877861013627395e+00
1.377971349160179715e+00
1.395453713395095052e+00
1.434731532795996856e+00
1.383094932616433681e+00
1.371419442023140034e+00
1.317739314502528014e+00
1.361094475018683525e+00
1.347410944592721371e+00
1.450603391062929681e+00
1.425405440405726587e+00
1.333626733263503894e+00
1.401091903978982423e+00
1.448537036374107245e+00
1.504171082694999662e+00
1.444917331238618985e+00
1.448969851250739405e+00
1.502001638902259462e+00
1.498666231337559829e+00
1.536013931039731162e+00
1.456424564024648260e+00
1.520194066965246726e+00
1.251403427164949456e+00
1.262149158969553930e+00
1.255677823755329214e+00
1.215516681823484380e+00
1.262995918368750914e+00
1.226764358210501671e+00
1.199253841532184062e+00
1.208937037028555928e+00
1.085395749384741038e+00
1.243358192443204890e+00
1.047908796767125450e+00
1.032569795377378474e+00
1.092639483516265830e+00
1.072934077868876512e+00
9.967923391976972747e-01
1.058610612917505467e+00
1.120691581777746526e+00
1.082679397857976289e+00
1.118494722151087251e+00
1.242456022328484622e+00
1.190345450233995406e+00
1.178841169224772889e+00
1.229076298751533569e+00
