1.086767701037955947e+00
1.063774973974868976e+00
1.062528000692674279e+00
1.060171134065787335e+00
1.086000782635340167e+00
1.112323617455341696e+00
1.110508745182524404e+00
1.156832493884747626e+00
1.119475945369031278e+00
1.109551104877337435e+00
1.087938463842028858e+00
1.120546501906371617e+00
1.075097890134863787e+00
1.072042755424333693e+00
1.167813118048424803e+00
1.059896680412961256e+00
1.012167347237747039e+00
1.071314803606672639e+00
1.081886296591614727e+00
1.190349576683895405e+00
1.252327879346440298e+00
1.240359711618048921e+00
1.252727702770711327e+00
1.199564493001127996e+00
1.249335595116987552e+00
1.316689324115808413e+00
1.342413544999656594e+00
1.300218349094198977e+00
1.341443694270797682e+00
1.324326905278194078e+00
1.395068494986967611e+00
1.221263719883799892e+00
1.375126026139889879e+00
1.275998705064727012e+00
1.143192266524374778e+00
1.190970370636341036e+00
1.198960128961055416e+00
1.086934651825901987e+00
1.255122880728412049e+00
1.175538511115298279e+00
1.137709488776744271e+00
1.162325621097054507e+00
1.076711447055836324e+00
1.131238491515426103e+00
1.202129452626711670e+00
1.277260566073434189e+00
1.082084185528276787e+00
1.003271448839534008e+00
1.054367440783863241e+00
9.676991677253590218e-01
1.000155231190627214e+00
9.883338542138192517e-01
9.941790277171961288e-01
9.967049352557801889e-01
1.061150541577872142e+00
1.168095901192054198e+00
1.177097967147518132e+00
1.161201525158313430e+00
1.091309222217624830e+00
1.170326365642105015e+00
1.147186921430765283e+00
1.335877440115912806e+00
1.291616753904038184e+00
1.881779392283607244e+00
2.405093993925171869e+00
1.953198252688763237e+00
1.674488237478780395e+00
1.263825632290314749e+00
1.172323767404278128e+00
1.285935774199424619e+00
1.348559985853242438e+00
1.353560439504688073e+00
1.642228365961121872e+00
1.315358827734847580e+00
1.568209146735675796e+00
1.475597035702815418e+00
1.720369611606736626e+00
1.391843616246968729e+00
1.489615391472868033e+00
1.313429691257328891e+00
1.275455239468935353e+00
1.409104576927255215e+00
1.755645893376318156e+00
1.535443152866238670e+00
1.964103699373440648e+00
1.902648493340645119e+00
1.671014404733314196e+00
1.801179483221313493e+00
2.051395945392889608e+00
2.058803048328104790e+00
2.225541985851032134e+00
2.140898706417052821e+00
1.758506553030645625e+00
2.289418840272384514e+00
2.043932852745601547e+00
2.196406671948556433e+00
2.478144950226465415e+00
2.208344263673852836e+00
1.864555174613243826e+00
2.365941707061948396e+00
1.977772953345644513e+00
2.166812178298278990e+00
2.118747096323989165e+00
1.868144190282591044e+00
1.606724712886686168e+00
1.392547245924024679e+00
1.458614286212883915e+00
1.404042666274976980e+00
1.330493925959475021e+00
1.403726188845340284e+00
1.607369541880956154e+00
1.496746298820377463e+00
1.663361311378648288e+00
1.602243776888809368e+00
1.748758589003954755e+00
1.652761780882998188e+00
1.585232703305147428e+00
1.793299050730820854e+00
2.032356835998875511e+00
2.326271627488225135e+00
2.234510218351664079e+00
2.183982772200586009e+00
1.544737389042460940e+00
1.933583706315434858e+00
2.211553375060882676e+00
2.411334861897347359e+00
2.143861697622304607e+00
2.271090801563987238e+00
1.980619742414621021e+00
1.797268521684861842e+00
2.003711444722824364e+00
1.816732978991571379e+00
1.917787406694760666e+00
1.840364894241264260e+00
1.957620361173802337e+00
1.640523878832721438e+00
1.593261951595045245e+00
1.731397148016021958e+00
1.843209426133272544e+00
1.478952706672240325e+00
1.229282250978647184e+00
1.156437869215261927e+00
1.365540814333183306e+00
1.436094655891621219e+00
1.435590909248627201e+00
1.549505231671754579e+00
1.490222022729310369e+00
1.633375749170881797e+00
1.701570699747263493e+00
1.659740837801189972e+00
1.955364887744973190e+00
2.057927170442959586e+00
1.840115716607131136e+00
1.720824234178378820e+00
2.209629250199964368e+00
2.300823729062325906e+00
2.302199465513019572e+00
2.003638055863609324e+00
1.967844810779729059e+00
1.719315640211264595e+00
1.811463537942496815e+00
1.777030167714412245e+00
1.855431832999309583e+00
2.229679917919986210e+00
1.778161266457569445e+00
1.375138513961321918e+00
1.375905478125655224e+00
1.186955388180289228e+00
1.136382902885435531e+00
1.056222893919041894e+00
1.148746129260486581e+00
1.187636688230271798e+00
1.211171949736111531e+00
1.214197608688398988e+00
1.186736179353938159e+00
1.288013443513021272e+00
1.389835692969279890e+00
1.425649235743601917e+00
1.683851707295186406e+00
1.640915429318595464e+00
1.621524664689731443e+00
1.766772391191856917e+00
1.655824982212692253e+00
1.827429690840336240e+00
1.949352791801249651e+00
1.816034042414167438e+00
2.062595833650886057e+00
2.011711708605384175e+00
1.874340419645017297e+00
1.638697054168161360e+00
2.097640556768145537e+00
2.115092429318367717e+00
1.861287778215809929e+00
1.752290422827086802e+00
1.403343563424322538e+00
1.344953042343647320e+00
1.374647588035855739e+00
1.248903526895159821e+00
1.201938284612034558e+00
1.285758285727534034e+00
1.317573760974567687e+00
1.376146493398324289e+00
1.725282911364853566e+00
1.568331066317003142e+00
1.485148666587502442e+00
1.662247205548917250e+00
1.271515312172609935e+00
1.202309541488329803e+00
1.193207704344000364e+00
1.212687116449249203e+00
1.148052441057149542e+00
1.080818452070033464e+00
1.107514248285378367e+00
1.170305297700335201e+00
1.203005421231287508e+00
9.699272964728793411e-01
1.183593727887194191e+00
1.146026330923320069e+00
1.176828212500897086e+00
1.116438893687828893e+00
1.062343491392095940e+00
1.125347608144648737e+00
1.062046662758964422e+00
1.539236082416090667e+00
1.700895852093808891e+00
2.004918251693523334e+00
1.895667048799991150e+00
2.072836704454602330e+00
1.800326523309669469e+00
1.554048262970370242e+00
1.725233871973359090e+00
1.538697330764975169e+00
1.787827297046644226e+00
1.727067009357247107e+00
1.780640110890103545e+00
1.813388877290138312e+00
1.824583016664687696e+00
1.502127364406036891e+00
1.264319344353054708e+00
1.894019279840661429e+00
1.834348686036514131e+00
1.759549997419525003e+00
2.179576199954865956e+00
2.603578609160857926e+00
2.752331993279137912e+00
2.322784103974057768e+00
1.958519245514021678e+00
2.093244788691687397e+00
1.965162809471456828e+00
1.951195831922589052e+00
1.973352367279813668e+00
1.938892644901803353e+00
1.809169486495595613e+00
2.009958738675284629e+00
1.983472043411253161e+00
2.552498216192133018e+00
2.010599998448272530e+00
1.947583931596570173e+00
1.751292274046322817e+00
1.505697720477745749e+00
1.413733076066262973e+00
1.542498357924433128e+00
1.437493765696899128e+00
1.374792961058492580e+00
1.274452698559794595e+00
1.300488325450984917e+00
1.366065790151644643e+00
1.242685708504407405e+00
1.160931823231613702e+00
1.109639018979399649e+00
1.135056373622040704e+00
1.181181865432232359e+00
1.372469250050738943e+00
1.221263728279708305e+00
1.182388595653655283e+00
1.175950015302364315e+00
1.292181031187469520e+00
1.266222629751887929e+00
1.211773490296465416e+00
1.213174398349487149e+00
1.304303385712385799e+00
1.288155393570135310e+00
1.488811766176571183e+00
1.439683515830618044e+00
1.297414811306871973e+00
1.357280288798006218e+00
1.513847369880516602e+00
1.239179353595735833e+00
1.240658684431500847e+00
1.499131650900900059e+00
1.765025037961870602e+00
1.686121922778493598e+00
1.570620119754334354e+00
1.692622067482700166e+00
1.610483099823821096e+00
2.083763119606382830e+00
1.321420073291678765e+00
1.312119005422025531e+00
1.308897963210841731e+00
1.402007584470267521e+00
1.611781318236440219e+00
1.823973780272634571e+00
1.255881824085668619e+00
1.188869167512839109e+00
1.336973651781151684e+00
1.368883063407748235e+00
1.567677481116949822e+00
1.642536813705286924e+00
1.592496602432377450e+00
1.611057001052332627e+00
1.661926204539380336e+00
1.587318044196190270e+00
1.511545035185436481e+00
1.843995878709033809e+00
2.049612299192962617e+00
1.669029232426838094e+00
1.983124832982846364e+00
2.053024120121650586e+00
2.159851683868370120e+00
1.843759142162863629e+00
1.656755375335721814e+00
1.849653806015177482e+00
1.550276250712847359e+00
1.591503820030768068e+00
1.621322446414607654e+00
1.726686977399066070e+00
1.621939494443671581e+00
1.757090633926704060e+00
1.491866869059024214e+00
1.573050527193444958e+00
1.318812106277080121e+00
1.440870167131951263e+00
1.412598656032235445e+00
1.336041527092648673e+00
1.309961296240767181e+00
1.419406853543362379e+00
1.308642982962715307e+00
1.298770928837063909e+00
1.292541206051220692e+00
1.375030164291161761e+00
1.229542612126493628e+00
1.223862068056742469e+00
1.559539455212672898e+00
1.830714571994262130e+00
1.587197930450267025e+00
1.708567549032842470e+00
1.690075896697682545e+00
1.581804046484991844e+00
1.423662722202504227e+00
1.314114886211457778e+00
1.362540792627904507e+00
1.125596828473825139e+00
1.287253074358938543e+00
1.131271956164832782e+00
1.305421398772304675e+00
1.541082334937377674e+00
1.292406954536923447e+00
1.323850446174657192e+00
1.352490785246798666e+00
1.365487099842225716e+00
1.795897140604856945e+00
2.103311297610838793e+00
1.763566948325581585e+00
2.213860676186907295e+00
2.301658846756820864e+00
1.987984335769662936e+00
2.068438595335131414e+00
2.029267423516555979e+00
2.080565014115390188e+00
2.228071786134334875e+00
2.282580443877870735e+00
2.012390026806314847e+00
1.863325481331938649e+00
2.273380524876271735e+00
1.513253412900132711e+00
1.345860114309398003e+00
1.317471817687866364e+00
1.403935220439111342e+00
1.350299334047855959e+00
1.155297084704905552e+00
1.645622050247867341e+00
1.599069012719758209e+00
1.634333640143608379e+00
1.631431659809087442e+00
1.457061753385038516e+00
1.374447396838784696e+00
1.565245857233473092e+00
1.872899279046518650e+00
2.151397681825967023e+00
2.450688589868461165e+00
2.458906700639515996e+00
1.861391508836236497e+00
1.546890529250643187e+00
2.151338546257374862e+00
2.106021726259513560e+00
1.983225563988644469e+00
1.971488906739789604e+00
1.373873618309315425e+00
1.375351478710366004e+00
1.533436518585341357e+00
1.516817307245923452e+00
1.975007594166549696e+00
1.800020392510443656e+00
2.135337305155887044e+00
1.974409126120211688e+00
2.026251364268116806e+00
2.331749597661229689e+00
1.869436800705224888e+00
1.770524095455298097e+00
1.570487717418543427e+00
1.408809021707877918e+00
1.371142255174101265e+00
1.701434353629737162e+00
1.159118151545199593e+00
1.318410928376601010e+00
1.624253480263487592e+00
1.431392929668229508e+00
1.818499193172167683e+00
1.601021287719083475e+00
1.279695996532788982e+00
1.365115827481621080e+00
1.277891529389940883e+00
1.323909256180905603e+00
1.216923855456328640e+00
1.141787148076575109e+00
1.118574128686930846e+00
1.048084813705135065e+00
1.107981087919418295e+00
1.113997481519728217e+00
1.048617953008943671e+00
1.078620621916493993e+00
1.051553671137399393e+00
1.122312758497633345e+00
1.150859005471875030e+00
1.140870722281706051e+00
1.194504288334140574e+00
1.053265830171198791e+00
1.019299824033008450e+00
1.249332289533425122e+00
1.212776409669881650e+00
1.140945126507556528e+00
1.146261910235751191e+00
1.300844976913166917e+00
1.122061946818056155e+00
1.290175231423895896e+00
1.296873822101765938e+00
1.717938298625176774e+00
1.279726816598987238e+00
1.618306570175553460e+00
1.560072529062930702e+00
1.127317521259186828e+00
1.121528488874265594e+00
1.138252017717791054e+00
1.293829113291246724e+00
1.456512756667066366e+00
1.913350379216135044e+00
1.348672049541925766e+00
1.468992623273167375e+00
1.314224145628593909e+00
1.524931220861062808e+00
1.493334062464083623e+00
1.692045416978274153e+00
1.587190235203924438e+00
1.875106471507070216e+00
1.659484757589814397e+00
1.842299436687693914e+00
2.047312126704035951e+00
1.645511493186174068e+00
1.882175092042996711e+00
1.564220948244061882e+00
1.935445211261243248e+00
1.702062891836286118e+00
1.445737573973180812e+00
1.423381292052737557e+00
1.485159190998408540e+00
1.240913425629152078e+00
1.356740592746648710e+00
1.604892105816826620e+00
1.794875690067467389e+00
2.011548162032776421e+00
2.241411305418425481e+00
2.207817845784885158e+00
1.986453508922513711e+00
1.615391639529934142e+00
1.377759092880584735e+00
1.243007676171234088e+00
1.477594817312541498e+00
1.488965878519005637e+00
1.406474294403494696e+00
1.339575816209824799e+00
1.220821557635263455e+00
1.442603868156819402e+00
1.349526181188055673e+00
1.367368924385538698e+00
1.342028627349529657e+00
1.520318794755882053e+00
1.450569609525840908e+00
1.740100584011269991e+00
1.479484310070362074e+00
1.266599320182138610e+00
1.476095673475966707e+00
1.248472635141085307e+00
1.233662675107794371e+00
1.378769056308845498e+00
1.438651353951959866e+00
1.513450800529658302e+00
1.556177962742542498e+00
1.436546100232016787e+00
1.385149496336720132e+00
1.284737707626456338e+00
1.328238482022322309e+00
1.265458973913517804e+00
1.257785226962266467e+00
1.304545942816493387e+00
1.355054633398604658e+00
1.372385278864358016e+00
1.302310543118266883e+00
1.351951321669995210e+00
1.454567804390959340e+00
1.518855424322669734e+00
1.615898731793659726e+00
1.512445199523641426e+00
1.519126811619541773e+00
1.534897880999370967e+00
1.394922187600269980e+00
1.355891018812821036e+00
1.392670668215326701e+00
1.914933957335179349e+00
1.828015707954654179e+00
1.946171725599969982e+00
1.750180072217550675e+00
1.607342004066676822e+00
1.873749461144925021e+00
2.295579221293240213e+00
2.467232349212412856e+00
1.744660680256341356e+00
2.033478310201153771e+00
1.886292539494426101e+00
1.853756267565575433e+00
1.982527921431464835e+00
1.799198769475220061e+00
1.782982439443073774e+00
1.496380591238420266e+00
1.420444937622008075e+00
1.691055597500666030e+00
1.462686617657565691e+00
1.489972286409206204e+00
1.281655228962741200e+00
1.369358716894182537e+00
1.324562408816580827e+00
1.329216988213499873e+00
1.406157525468183955e+00
1.286557111629866634e+00
1.165087810833015380e+00
1.355364492610467986e+00
1.436530055473628442e+00
1.631699078515675083e+00
1.954469010369426885e+00
2.000803530300335975e+00
2.359031617766404576e+00
2.375237038458834160e+00
2.116106349595452851e+00
2.143837641292062113e+00
2.094239072694704884e+00
1.894103235632559779e+00
2.125407725228749989e+00
2.054810214561350268e+00
1.724830237381855369e+00
1.600324945742126692e+00
1.531566496002926492e+00
1.615545181828321963e+00
1.317095233303669621e+00
1.406347295155132793e+00
1.686298314865108727e+00
1.622506894675064260e+00
1.907117977664276154e+00
1.841994958984705111e+00
1.867590075276739370e+00
1.990229465058239500e+00
2.464085318679031023e+00
1.876387682430463277e+00
1.939682986196094028e+00
1.803678786456060834e+00
1.887161211941246641e+00
1.176952416990362460e+00
1.209253585244475460e+00
1.201616241388930861e+00
1.199915835751748761e+00
1.187841034060435064e+00
1.408200231514217249e+00
1.511517531197503983e+00
1.585179292581373689e+00
1.392091709898586549e+00
1.872042644084364937e+00
1.456749869081765736e+00
1.642533561816416965e+00
1.385530024091894630e+00
1.357663428123976779e+00
1.276623863117634983e+00
1.170354037816648596e+00
9.948575531177976661e-01
1.179775912179647612e+00
1.218447230998700226e+00
1.427514328384703601e+00
1.582057544802906834e+00
1.607830438139314255e+00
1.543170921284088060e+00
1.886724978503890426e+00
2.337109899066601937e+00
2.422362569995595294e+00
2.474647817142773931e+00
2.341725111508421886e+00
2.244992644009518923e+00
2.323909846632596921e+00
2.477849468854985915e+00
1.982398844976309249e+00
2.463739588138258441e+00
2.205700816363131533e+00
2.255148043714462425e+00
2.147981137365206905e+00
2.071073612939978936e+00
2.066744333165714931e+00
2.112152390849007855e+00
2.102961491187555598e+00
2.082450576182742985e+00
1.856795369583132960e+00
1.690107153526393180e+00
1.632273264648396394e+00
1.778812196444158333e+00
1.863312358950244052e+00
1.328848417392887615e+00
1.323974361856099513e+00
1.624683523338028568e+00
1.777028890218246282e+00
2.321123140429238951e+00
2.421792804571573754e+00
2.669400382709717245e+00
2.089946549654787322e+00
2.088557026787448923e+00
2.102727533692556161e+00
1.694067928958230773e+00
1.512991528615502457e+00
1.585659654899278070e+00
1.890533563161826525e+00
1.913360099750023968e+00
1.333110079686805616e+00
1.423454396029194990e+00
2.101765430240060795e+00
1.839998130309610902e+00
1.687909760339724619e+00
1.822977669496977704e+00
2.268537718473999210e+00
2.522646245997687942e+00
2.486901610365963133e+00
2.316778360098535661e+00
2.433225197339716317e+00
1.788137921312793921e+00
1.887500735749156666e+00
1.728123045235800959e+00
1.397734514160703601e+00
1.344255145357888370e+00
1.330171685944256721e+00
1.240013717418213535e+00
1.288617238974079759e+00
1.385227371105122396e+00
1.485288116262597491e+00
1.428591106348711781e+00
1.442288804753847797e+00
1.405889243706315739e+00
1.405330821861637602e+00
1.393792473570238499e+00
1.478703890637545371e+00
1.384780326083715485e+00
1.363535422558466825e+00
1.181673965537252347e+00
1.182834643467487679e+00
1.160570909632198777e+00
1.161469138276028046e+00
1.219792071607143313e+00
1.265146527822007982e+00
1.238728873730058133e+00
1.148481990757780791e+00
1.128579280991504064e+00
1.209194583926551214e+00
1.277774442785399422e+00
1.269790129336172413e+00
1.434690479678533137e+00
1.461049799196517007e+00
1.310400559605588766e+00
1.235785060918817457e+00
1.378259577283306614e+00
1.627104060417543963e+00
1.418583149408916944e+00
1.421831510805911414e+00
1.478010423383228744e+00
1.363880384062143181e+00
1.961077008449643833e+00
1.668752536939744235e+00
1.892750485052129505e+00
1.527757266113174639e+00
1.511759619640612229e+00
1.397530240946788682e+00
1.908092618499288351e+00
2.081577196169079880e+00
1.915887471758525029e+00
1.464924378698180041e+00
1.345348996785389772e+00
1.432466336041374078e+00
1.373070332748000943e+00
1.341007561548165805e+00
1.370252847059271861e+00
1.180634589231644993e+00
1.429370146295893429e+00
1.425611402263150751e+00
1.236457964745133475e+00
1.385546094844228415e+00
1.842629933854488478e+00
1.801159950676502142e+00
1.431840177183818508e+00
1.537313089908252328e+00
1.686862216869178033e+00
1.399545103108049027e+00
1.288671457906807705e+00
1.462657123444343510e+00
1.327868975681655073e+00
1.367233482245850062e+00
1.430224753340719079e+00
1.461512166898397913e+00
1.453898345433510375e+00
1.800190357408840036e+00
2.053111600481467125e+00
1.667095295641108921e+00
1.844401047252925752e+00
2.035836350541536000e+00
1.822746753153215327e+00
1.777329100355861335e+00
1.935202667367462936e+00
1.731005334817984354e+00
2.081152978105886397e+00
1.806268802652631678e+00
1.729332660758387874e+00
1.639315698746458327e+00
1.243967088901658080e+00
1.316925436465406829e+00
1.280025772496323766e+00
1.429473657954570154e+00
2.042599828794869676e+00
1.865065032430464287e+00
1.364436180787116371e+00
1.337728164066281034e+00
1.286104916237995610e+00
1.343964815666394141e+00
1.629613286753525347e+00
1.647491443172058867e+00
1.937759123863140420e+00
2.020099490776397833e+00
1.886860525105557462e+00
1.950705443580713183e+00
1.854246279626845961e+00
1.576444734724713692e+00
1.472384938744369265e+00
1.608466473320704360e+00
1.483400742203106359e+00
1.562627997828640147e+00
2.047536994986483450e+00
1.798763026237685914e+00
1.651354863740458256e+00
1.336019083626750703e+00
1.478932666185037270e+00
1.556454209590957705e+00
1.869028420840347593e+00
1.853095504565275720e+00
1.699339481385166994e+00
1.798003033246645677e+00
1.413817798581943119e+00
1.430708702772954144e+00
1.363137784026857258e+00
1.787701284902473153e+00
1.510209798641833689e+00
1.448788140644973410e+00
1.225793068064518376e+00
1.206667909819954865e+00
1.148007103614662849e+00
1.356778516097165266e+00
2.229430885812811791e+00
1.785215296348252156e+00
1.618813747272708659e+00
1.550765652526803651e+00
1.386645565826603033e+00
1.249121040466126820e+00
1.379059190608380447e+00
1.434940520622814297e+00
1.482245562929436877e+00
1.360239881718309229e+00
1.489818841142788841e+00
1.272169561789559422e+00
1.313939394245785541e+00
1.226043579235489789e+00
1.229386750809058571e+00
1.384437758459569068e+00
1.369071370168743584e+00
1.293401875335535633e+00
1.344052408056862324e+00
1.423788824022690136e+00
1.429430085475222434e+00
1.440396834746860755e+00
1.406111589720686395e+00
1.551530894184539822e+00
1.362066073298852764e+00
1.271566587721447705e+00
1.325350914303790484e+00
1.261654776919091114e+00
1.145254899164069418e+00
1.348222448350625990e+00
1.196070210384025723e+00
1.231838473705061165e+00
1.169040585016059675e+00
1.056339688932509402e+00
1.028702207124486678e+00
1.195352005660924810e+00
1.151285544238061176e+00
1.102420604444045216e+00
1.140236846577404872e+00
1.221363367842623004e+00
1.350594653256462996e+00
1.205123971442430664e+00
1.320220110003401004e+00
1.304644768944968725e+00
1.238383339131943650e+00
1.385336152192228276e+00
1.269230106032951166e+00
1.190190129816327547e+00
1.204506214038941092e+00
1.079320796422509998e+00
1.017467292858252437e+00
1.111772515713987053e+00
1.223551222998508159e+00
1.150572268217600280e+00
1.259546193141698023e+00
1.427923620931971671e+00
1.295897930621534355e+00
1.309106922917804061e+00
1.354172834300117367e+00
1.382458080076073736e+00
1.296076805955244104e+00
1.469701714250924773e+00
1.495907918656678159e+00
1.399713325138241204e+00
1.372713585086353216e+00
1.464387322734769903e+00
1.208920910722755204e+00
1.227931653911197074e+00
1.245004288539305337e+00
1.146353211909960867e+00
1.226601469904370800e+00
1.176888638238738682e+00
1.134249243283921516e+00
1.108247840725723909e+00
1.083362845653282669e+00
1.086760407779534310e+00
1.140580600685719537e+00
1.118758176440543428e+00
1.142587902207532258e+00
1.172205283216242178e+00
1.229567525876546386e+00
1.516843860590425752e+00
1.564854933707204188e+00
1.831735919537033741e+00
1.931956862945347186e+00
1.926972123878448073e+00
1.696575716729042060e+00
1.794468014536398259e+00
1.781451513013897925e+00
2.095886289135436176e+00
2.289185421861049008e+00
2.523516686983308333e+00
2.052718427906434329e+00
1.667455984511520217e+00
1.696876578672102731e+00
2.211447753048081832e+00
2.242626342531666150e+00
2.097815088191558264e+00
1.733707615229506338e+00
2.075022292511981004e+00
2.096382263545465641e+00
2.161581188676252374e+00
1.447001067961990017e+00
1.794580420446071134e+00
1.555287576433574737e+00
1.570070589386343141e+00
1.411021350014723286e+00
1.276864029660298883e+00
1.726795171848645172e+00
1.386574780898694348e+00
1.447032145260900959e+00
1.441414243271819551e+00
2.023986070179663255e+00
2.092688122290301322e+00
2.321272091517690317e+00
2.228247528970738411e+00
2.188776493618163510e+00
2.051610229232716520e+00
1.912734800138705227e+00
1.990448195878717685e+00
2.090632247572661750e+00
1.614129818425076968e+00
1.349621305486237155e+00
1.412874415268649431e+00
1.744534208870565983e+00
1.441325480626392208e+00
1.465746840911320570e+00
1.439967936861487052e+00
1.454242524383445812e+00
1.516163049877804037e+00
1.410519234375295028e+00
1.340716574231932023e+00
1.378541724969329252e+00
1.527704058881575566e+00
1.327427097267562806e+00
1.427359700324750236e+00
1.467519894145855153e+00
1.800395927109377014e+00
2.439910068149593769e+00
2.470331045368872935e+00
2.124064547537813041e+00
2.250704815106791656e+00
1.867560900842603733e+00
1.604501668984853913e+00
1.997560081433380930e+00
1.823321941466669704e+00
1.487407228765069478e+00
1.572950875346005750e+00
1.252694067089494379e+00
1.525632158737135757e+00
1.450930656787169148e+00
1.394343779185683196e+00
1.633156893795040476e+00
1.705395725320710598e+00
1.450794516451527683e+00
1.384274760450177943e+00
1.602904534696768524e+00
1.368537961036510486e+00
1.397169980955826007e+00
1.318873451123064422e+00
1.475996167414724614e+00
1.658833910348802565e+00
1.741055837010419216e+00
1.616227124493453182e+00
1.942453563606089562e+00
1.931054775909399668e+00
1.647992125778185102e+00
2.009492248790209601e+00
1.821073284944020543e+00
1.620036219235532204e+00
1.283264479592134855e+00
1.374860117810525750e+00
1.605496232360561493e+00
1.704882039673305094e+00
2.009666373247349647e+00
1.785981033816906649e+00
1.388625566598133743e+00
1.663380956385244192e+00
1.445753133549640967e+00
1.278415185284267563e+00
1.485322270100889241e+00
1.675954191997918175e+00
2.152349811421764514e+00
1.962686867902687204e+00
1.819120896178304747e+00
1.939799405714585978e+00
1.733013292861020238e+00
2.192763916925396295e+00
2.366978495631594459e+00
1.929849347718652020e+00
1.528458116103994513e+00
1.394710222389175414e+00
1.314500531171451714e+00
1.313913778817190847e+00
1.376483972412018586e+00
1.810434475665350540e+00
2.003598036606422106e+00
2.004385221582276166e+00
1.765479605908874650e+00
1.610513767057407009e+00
1.689100369795279777e+00
1.636495881204425018e+00
1.232670260631332004e+00
1.229889979071017159e+00
1.353919654095455671e+00
1.394870256360254857e+00
1.271583851727436265e+00
1.223242521336800337e+00
1.220948397894242587e+00
1.317147269963594880e+00
1.189004117783310832e+00
1.431608150713293837e+00
1.496199060920946122e+00
1.422672433624359689e+00
1.745545425382048821e+00
1.832618246855928890e+00
1.900271483985539023e+00
1.711221388012145184e+00
1.586935994954853602e+00
1.500809386860630479e+00
1.379995595452654156e+00
1.866807854504287212e+00
1.685469342625884881e+00
1.832587680586454271e+00
1.835968884960307523e+00
1.825383976400188235e+00
1.638459866988144276e+00
1.707537714458341682e+00
1.410892333223590089e+00
1.491828570605028936e+00
1.714121823575273984e+00
2.008827154107911461e+00
2.183025525687626089e+00
1.968195037597112673e+00
1.684841574008854259e+00
1.503423417922387317e+00
1.575356726435409138e+00
1.748183090148991869e+00
1.930640470204042503e+00
2.409882691387219111e+00
1.948152976764369271e+00
1.589480941504753275e+00
1.972155939408407166e+00
1.999363201198287587e+00
2.571780964722975238e+00
2.287317103564604714e+00
1.942003296491426667e+00
2.072955552410399971e+00
2.170178376906410467e+00
2.136724274796603762e+00
2.653326011664516759e+00
2.204505927143303179e+00
1.738931548943428940e+00
1.833746582060733488e+00
2.347989707782178304e+00
2.055414998220507439e+00
2.549938046977576533e+00
2.176922553463774168e+00
2.922836737179853372e+00
2.829688050275078748e+00
2.282914881589114486e+00
2.524667583346747346e+00
1.742290511764390759e+00
1.855382892846904941e+00
2.398689786438756411e+00
2.066404806397383886e+00
1.974744380297861923e+00
1.990789846853643574e+00
1.766482426217376833e+00
1.609281680749889309e+00
1.508257118549948927e+00
1.177836949757780083e+00
1.345313683923800019e+00
1.263836437563207848e+00
1.192616248286867409e+00
1.293999507758246681e+00
1.689119688664643792e+00
1.992913174619258321e+00
1.741003346530509477e+00
1.638414546024114848e+00
1.493547221535954206e+00
1.748138251040103786e+00
1.603564257380819758e+00
1.620793951453772808e+00
1.761135963177503427e+00
1.715277211746911057e+00
2.214412852979479762e+00
1.814383040783606127e+00
2.157990858378566745e+00
2.231642626046079325e+00
2.065238648616294359e+00
2.475463095557607573e+00
1.961380710067603950e+00
2.148572014815168352e+00
2.060457493993975486e+00
1.991145394477940034e+00
1.924410155620082108e+00
1.852986949231026692e+00
1.543082560229406264e+00
1.501904703704405541e+00
1.575719585009434764e+00
1.784266505553897986e+00
1.773064584840857938e+00
1.327161997634382473e+00
2.058292794852815355e+00
2.226260908860801635e+00
2.482338867971983110e+00
1.912628029176994815e+00
1.780832884543480432e+00
2.196906821709762259e+00
2.223513710037372970e+00
2.167542727858454921e+00
2.216052668897856126e+00
1.957302600361485734e+00
2.116827170984796336e+00
2.373299465185350066e+00
2.005040179570995118e+00
1.683954771668306538e+00
1.922548440309791662e+00
1.832061400036546717e+00
2.264048220810655376e+00
2.132461119146642492e+00
2.274387001745862058e+00
2.359378800245012009e+00
2.063245667645535963e+00
1.902421825650166376e+00
2.180833604280597804e+00
2.130586213026675058e+00
2.102765377712399353e+00
2.279969371239531917e+00
2.266349516306908729e+00
1.970871068748080379e+00
1.887967770720594629e+00
1.796819728703916930e+00
1.676548760121374215e+00
1.591820305482706921e+00
1.303109699217658068e+00
1.115475097720669773e+00
1.075660774076688142e+00
9.999297770351422976e-01
1.330537595945381346e+00
1.146099623962359537e+00
1.279979494581211519e+00
1.224856526482141605e+00
1.333718463652238118e+00
1.698630677746089335e+00
1.625506058865598069e+00
1.452252272339338512e+00
1.903630335930208695e+00
1.404894231084413248e+00
1.320847360383984537e+00
1.755971867323768310e+00
1.376998766014793985e+00
2.217026804638206894e+00
1.968825804372698718e+00
2.125033926742220913e+00
1.904618788383788619e+00
2.000553435084488019e+00
2.024926111462227230e+00
1.669448533452823513e+00
1.946017465864163576e+00
2.001121440325830836e+00
1.828840397904929249e+00
1.369917776209509608e+00
1.532108224151359277e+00
1.610009073191523754e+00
1.569548669247233130e+00
1.485353539161281766e+00
1.154675822458757661e+00
1.152789702238744107e+00
1.122966133605130201e+00
1.178081935590953089e+00
1.234632111480107541e+00
1.225693353375672867e+00
1.215304274408159024e+00
1.115165212271811646e+00
1.142976935152707263e+00
1.336864272028709166e+00
1.317784751432606205e+00
1.343411276115409780e+00
1.181852144602282051e+00
1.562643553217114567e+00
1.445611879820418277e+00
1.614686303714175653e+00
1.941149686884955816e+00
1.858715760909906978e+00
2.382509157067380645e+00
2.469231659339942375e+00
2.358320814478003680e+00
2.039694359110857391e+00
1.987834920757452384e+00
1.829191247877976600e+00
2.028024421911803099e+00
1.731594460389154211e+00
2.093885500742926009e+00
1.964514879082256416e+00
2.376175041781853903e+00
2.179834972095584078e+00
1.988429901269552325e+00
2.321245123897385021e+00
2.079808894368174510e+00
2.092133247662671280e+00
2.004751436282282473e+00
1.937691319796436051e+00
2.118152811491295306e+00
1.545398387227727932e+00
1.282343779423623209e+00
1.282533224430982388e+00
1.356951153926176046e+00
1.429149673332436477e+00
1.450899339308768354e+00
1.335404268104431580e+00
1.309696260575259341e+00
1.171854587845486462e+00
1.158864478347628735e+00
1.097725374339544535e+00
1.533624761792151681e+00
1.388967160335465190e+00
1.310241092327198098e+00
1.129016161166237042e+00
1.199062354409160092e+00
1.241080467968531886e+00
1.579142085999864609e+00
1.717564126344716335e+00
1.268063891962493139e+00
1.225501669897126611e+00
1.234293961881554269e+00
1.286099982343534176e+00
1.210493176566800999e+00
1.187076086647923967e+00
1.298354935889887374e+00
1.412257839520524527e+00
1.453193272425190585e+00
1.242436489912412290e+00
1.357121573866996833e+00
1.477353939874199495e+00
1.317431645912721105e+00
1.301030148425105892e+00
1.129778933957085840e+00
1.184731321016837313e+00
1.205075207966068263e+00
1.227057388678267635e+00
1.269365347453598414e+00
1.582471055615865652e+00
1.597773567199536782e+00
1.946713013239246948e+00
1.232812297772177379e+00
1.278121142928409171e+00
1.282294632464276773e+00
1.392004459833923846e+00
1.318133229105969084e+00
1.519651578624052313e+00
1.325374893803016096e+00
1.181706134787046780e+00
1.427169403791494817e+00
1.529701094429412933e+00
1.527650529970485005e+00
1.338515573037701856e+00
1.607348686209554289e+00
1.641762723529077483e+00
1.135542135414616904e+00
1.070768488024977927e+00
1.088803905806674299e+00
1.165453807732848235e+00
1.066776655565036425e+00
1.044829851006756405e+00
1.068923450238612238e+00
1.059820034100837027e+00
1.098082314466621412e+00
1.034769499287638395e+00
1.071101996473960538e+00
1.052500429100396984e+00
1.023722298610475256e+00
1.023845840302219701e+00
1.190589766082124745e+00
1.118449845528306286e+00
1.278960292001530386e+00
1.232378700881622713e+00
1.241467752585932116e+00
1.283629399245558744e+00
1.193475889764862519e+00
1.353412874780365094e+00
1.299080368490115767e+00
1.316007561860014441e+00
1.320596488591445183e+00
1.378455185633622460e+00
1.850387543376277755e+00
2.076809420382276894e+00
2.280925843352134663e+00
1.937868653004122699e+00
2.338465801190677151e+00
1.859332771002496942e+00
1.572633314601217025e+00
1.335019039906091054e+00
1.380455978725919186e+00
1.526068360883118036e+00
1.643891538594690616e+00
1.927689704089740275e+00
1.494415924655949190e+00
2.236505222837815055e+00
2.031192033521387774e+00
2.089086734159931513e+00
2.018505745233742488e+00
1.909878280519446525e+00
2.098079804004826965e+00
1.954507741503185958e+00
2.167783188927844940e+00
2.196874154633942311e+00
2.181742127811353793e+00
2.218400264339943195e+00
1.782271837974665818e+00
1.685854249054534293e+00
1.898028987879777807e+00
1.930537457795381773e+00
2.234016276368851361e+00
1.991331058200427995e+00
1.943460377962921815e+00
1.714649087073792932e+00
1.843648106198435999e+00
2.065650765371271458e+00
1.727656679672506135e+00
1.521656192239354111e+00
1.866956878933505592e+00
1.597700065205088782e+00
1.312097863828180611e+00
1.344087591548513316e+00
1.633203975049324130e+00
1.746563451411771162e+00
1.566914179752306735e+00
1.638491091865592608e+00
1.755503413580865146e+00
2.084689979340834221e+00
1.700918049505667939e+00
2.082472079282472688e+00
1.873483196773677140e+00
1.709570763334801846e+00
1.655343470687686391e+00
1.668997934800424687e+00
2.005043889551459735e+00
1.792753795704321806e+00
2.088208212663761554e+00
1.989772390266979052e+00
2.037510723611309693e+00
2.071525217309778011e+00
2.132621534908707872e+00
2.161202395036474044e+00
2.228236986979356793e+00
2.217863726714170536e+00
1.615943911776388964e+00
1.429029890865720187e+00
1.500276544264696810e+00
1.830072079216189085e+00
2.053631928120953631e+00
2.307581458619996972e+00
2.374144208620762253e+00
2.078291535401579182e+00
2.049796343443668345e+00
2.411577134545794365e+00
1.913542174783224858e+00
2.048925515580010792e+00
2.262094477703076034e+00
1.948760166478744615e+00
1.864938727999525758e+00
1.702050926414377052e+00
1.947580012141403305e+00
2.115681661964681215e+00
1.523304203897055453e+00
1.933815995551018352e+00
1.520544839581281726e+00
1.299160180824898703e+00
1.455141726929126467e+00
1.492363464068545476e+00
1.691348185927822101e+00
1.714398778480014318e+00
1.776241067532274620e+00
1.840758861990479112e+00
1.948105112787707816e+00
2.032037587347438112e+00
1.802656955572846886e+00
1.744863406596943278e+00
1.712851992779974131e+00
2.623996699138228195e+00
2.167834653972470882e+00
2.749507184188257458e+00
2.505997154106980318e+00
2.070143193720309416e+00
1.958254578683601865e+00
2.338722741049975795e+00
2.404132177804566783e+00
1.976739122647748204e+00
2.260265330375065496e+00
2.121342266602433302e+00
2.144317652393253670e+00
2.099322726198674882e+00
2.311327588525446952e+00
2.550601411314716405e+00
2.004551132527394142e+00
1.728120025092629852e+00
2.034742272965568421e+00
2.733047379960346301e+00
2.015614589571233406e+00
2.029336872158626459e+00
1.857571926104787607e+00
1.491929156038457993e+00
2.098765435622748310e+00
2.128236973728805825e+00
2.015192514557468062e+00
1.471866134325289677e+00
1.485263808064192892e+00
1.548413741896655260e+00
1.545716327704140802e+00
1.962368682303663014e+00
1.995600569111020128e+00
1.932569004616721875e+00
1.578937930160077219e+00
1.727412787853830345e+00
1.593428554096002259e+00
2.273705336867487770e+00
1.804848111608749806e+00
1.983625335705231585e+00
1.705590981607780554e+00
1.627720702262830832e+00
1.796872072972121259e+00
1.262351717301093634e+00
1.309200592576607258e+00
1.728118284541645400e+00
1.670256987010931171e+00
1.599951577368770916e+00
1.713576790743247091e+00
1.512671169877304322e+00
1.569109003654958423e+00
1.824927098332080000e+00
1.726197629116711374e+00
1.690989773227410842e+00
1.786297164393257475e+00
2.234836846354938622e+00
1.741816591642676659e+00
1.907553951328252229e+00
1.423930759389054446e+00
1.705203335867073067e+00
1.985311294332651189e+00
2.033911238067174221e+00
1.843514021344675458e+00
1.862289260132953705e+00
1.858370050411916496e+00
1.850001016642582874e+00
1.612933348731312666e+00
1.671151670858482152e+00
1.803100729990148920e+00
1.679676254143654290e+00
1.839048852474183038e+00
1.794098344488634700e+00
1.602310310546641858e+00
1.546078752881088203e+00
1.473253344927663910e+00
1.462324481334072779e+00
1.317026336859080660e+00
1.607206758194887897e+00
1.599154934714883680e+00
1.319990212231997528e+00
1.496062465365154415e+00
1.615233965415460604e+00
1.493603901629013020e+00
1.346584391251177015e+00
1.422818486663222748e+00
1.592465543054177646e+00
1.485112494063655753e+00
1.491618087274734217e+00
1.799662748433430881e+00
1.865289315294350381e+00
2.155278518640411978e+00
2.151340322589113008e+00
1.617301454320093868e+00
1.852941616606626596e+00
1.560641443747253110e+00
1.675656605919487951e+00
1.650693609622567948e+00
1.369673864588629941e+00
1.462773832842553468e+00
1.601007668421864594e+00
1.520748753924276109e+00
1.392339388681007595e+00
1.603565311910681634e+00
1.472923993181662894e+00
1.275894092279745040e+00
1.338427604393126025e+00
1.487033958693216418e+00
1.637222059923058470e+00
2.169889772871929967e+00
2.188033674852406296e+00
2.142160756861507309e+00
2.122500364402437167e+00
2.158197339517954561e+00
1.704756800197431588e+00
1.915206166876524563e+00
2.097076032833919079e+00
2.489991498706033202e+00
1.958217551586858507e+00
1.620584748468266056e+00
1.936891192374797122e+00
1.623581130266617212e+00
1.688563230168146578e+00
1.645429534539575300e+00
1.555798435627665954e+00
1.796368374201972706e+00
1.990037290723555508e+00
2.028805020349309984e+00
1.842830465451761546e+00
1.836846996733339399e+00
2.113307994852348326e+00
2.245352412223914573e+00
1.834975078475957311e+00
1.841586329461399218e+00
1.463765027884048830e+00
1.582405274429273145e+00
1.705232351583881645e+00
1.531779614932504030e+00
1.621716119404186252e+00
1.337824651446854141e+00
1.434500561837449339e+00
1.529977971767090272e+00
1.221485453862885873e+00
1.503122013231444454e+00
1.679384424733233239e+00
1.593374383130209848e+00
1.474753108330918216e+00
1.457829435403305229e+00
1.497057257001863428e+00
1.274689190784811244e+00
1.298760596774868992e+00
1.260194333441800207e+00
1.363048879928437929e+00
1.288533049890462134e+00
1.284728670047242893e+00
1.309322585686413687e+00
1.272973453436956115e+00
1.322512723269021251e+00
1.570881523203777608e+00
1.446187024755086981e+00
1.425463271687676503e+00
1.750730460081009632e+00
2.282315514492101460e+00
2.202957600212750222e+00
2.221092214072890592e+00
1.804756578119222965e+00
1.571017391795142437e+00
1.140321151107808850e+00
1.446462913510844883e+00
1.302289363184907067e+00
1.296864750266998101e+00
1.367016615256479994e+00
1.377162477479064728e+00
1.080903256838985582e+00
1.089838847723632931e+00
1.045790175527195665e+00
1.089165172155649008e+00
1.097569935272844743e+00
1.026460112370912947e+00
1.063282995973168665e+00
1.157890435349517189e+00
1.060157313877269969e+00
1.045747672455394017e+00
1.137640708822902136e+00
1.236043579263872871e+00
1.169039255747420070e+00
1.408892405379686741e+00
1.374614829064213284e+00
1.130475199962422073e+00
1.110117726656870696e+00
1.127394755348630762e+00
1.204311188202938698e+00
1.323031206060415910e+00
1.426758852283585233e+00
1.300977224991086922e+00
1.371440586793231553e+00
1.209746535502945974e+00
1.497243872231285300e+00
1.414995100960602770e+00
1.340307878384209062e+00
1.539132547983437682e+00
1.312097910603683193e+00
1.506914390990353958e+00
1.506515596645396915e+00
1.525050923366846334e+00
1.646513397240154220e+00
1.411668598583036394e+00
1.511813212449335531e+00
1.630622465076962513e+00
1.688078820052664630e+00
1.464317419850090785e+00
1.369491855808767422e+00
1.484218799805149480e+00
1.427921251338962971e+00
1.183054349817176609e+00
1.366110406390027787e+00
1.302597600364850727e+00
1.499590932985262137e+00
1.838530082494173046e+00
1.790744761211469971e+00
1.789029734430406471e+00
1.820137380572298014e+00
1.622179111020544573e+00
2.066299920063250362e+00
2.086687384229220399e+00
2.024908798415182343e+00
2.144730523441657599e+00
1.739771827799666104e+00
1.844460783482431143e+00
2.010057246720920343e+00
2.385716080145285467e+00
1.971883520428310055e+00
2.120666089424707135e+00
1.680905911911150241e+00
1.690180369383847525e+00
1.873142645952922125e+00
1.976133787443073331e+00
2.325912150738698170e+00
2.194564994827993942e+00
2.091866584729160206e+00
2.191137178952099251e+00
2.049372501020970017e+00
1.924401908034006681e+00
2.249741971958298059e+00
1.635690321032788219e+00
1.845962576588458637e+00
2.064868309412356773e+00
1.781286033497730514e+00
1.498081742127803651e+00
1.928229442859662246e+00
1.362021114416122947e+00
1.117884313469147628e+00
1.325309003139538255e+00
1.239138454317082028e+00
1.187908022683171305e+00
1.230185089590793757e+00
1.372318810140019885e+00
1.402910973702802933e+00
1.203504287945086348e+00
1.458942135949946817e+00
1.279434739228777040e+00
1.242347640693924005e+00
1.249567122862053292e+00
1.215351390982759350e+00
1.105851902593388614e+00
1.303722295426783306e+00
1.251870193721736690e+00
1.379128009883626493e+00
1.086992410719550106e+00
1.317035812935755112e+00
1.318004371203479685e+00
1.470444794865945815e+00
1.377159585591314128e+00
1.484708586310808931e+00
1.400873215707021835e+00
1.341016548254382990e+00
1.199285290928297831e+00
1.175900115679781477e+00
1.278052091830772952e+00
1.398679554142598924e+00
1.893531635390976575e+00
2.281549117273874661e+00
1.830478207588604356e+00
1.409577246539703177e+00
1.604783406386647293e+00
1.487924495911840062e+00
2.089862233977695549e+00
1.834723454575926560e+00
1.846669602763228557e+00
1.838906882542304722e+00
1.806727629919886446e+00
1.865156884208182930e+00
1.739481738836932356e+00
1.578957596481014303e+00
1.353575430176299665e+00
1.306019634117901340e+00
1.382993320703937989e+00
1.423840328672075106e+00
1.403879414657465130e+00
1.224545472617774688e+00
1.277274031821988842e+00
1.334943317412794705e+00
1.169841256465484980e+00
1.206849119810585957e+00
1.310464192707210485e+00
1.429753081402189485e+00
1.439429267534971357e+00
1.565669622416288265e+00
1.390996674936134880e+00
1.545054006547782022e+00
1.586830137349015901e+00
1.526112062654285673e+00
1.469760112450940959e+00
1.411952333009113270e+00
1.202324658037762894e+00
1.185027620952375793e+00
1.094832864833289898e+00
1.124333274169202035e+00
1.091184458127180124e+00
9.891364415471722848e-01
9.780965321090830944e-01
9.771401721967590825e-01
1.011915944574661053e+00
9.801311070683174087e-01
1.055199667347370029e+00
1.119303269064712669e+00
1.158856626531721057e+00
1.255981679232722747e+00
1.242758685284748088e+00
1.418976871123898365e+00
1.377147431591708493e+00
1.663569819225336310e+00
2.037821602079192385e+00
1.917200222738530080e+00
2.032003317081020111e+00
1.808332197018076348e+00
1.519159754701346898e+00
1.335351198813533369e+00
1.513260470944572056e+00
1.449169225745796652e+00
1.796616425902333836e+00
2.163131754793063077e+00
2.302255303428759170e+00
2.158128342486123064e+00
2.121803460874949199e+00
2.000146607785741715e+00
1.619960372256257886e+00
1.533964080577008060e+00
1.525958240034127389e+00
1.568795839565922057e+00
1.548214830531908781e+00
1.524741887383317174e+00
1.984870163184249137e+00
1.589666483522991003e+00
1.543117220493924302e+00
2.000247343144050394e+00
2.187473972465685534e+00
2.377900637916545712e+00
1.983881142367289518e+00
1.548595722056891333e+00
1.413754472847822852e+00
1.311069454252158373e+00
1.343291806188312343e+00
1.170949600527341428e+00
1.210493537868575942e+00
1.210013313692079651e+00
1.167553743694899948e+00
1.247962422949359551e+00
1.233811558566832334e+00
1.059705148752835946e+00
1.126474498726681928e+00
1.101755495912335903e+00
1.102002304632093699e+00
1.098164526442336308e+00
1.092314878454649252e+00
1.023299570688651405e+00
1.041997595350764971e+00
1.095808739275052401e+00
1.107900753544273753e+00
1.147060227933446530e+00
1.175269445557985737e+00
1.058063970596362369e+00
1.102456763702036158e+00
1.114302543917319532e+00
1.099581915206746086e+00
1.051283477559063595e+00
1.098060274095990829e+00
1.125634509368090619e+00
1.114742876918707770e+00
1.196975568815453306e+00
1.331110451388078708e+00
1.085661035325954371e+00
1.240919885305435066e+00
1.210224312097501365e+00
1.342533468399914831e+00
1.386434314100844611e+00
1.176976528441314729e+00
1.169595641839975775e+00
1.475475890411020785e+00
1.304736046627077206e+00
1.258523476132393348e+00
1.117458463019981973e+00
1.127688102676192017e+00
1.146756101181620524e+00
1.077504664488177832e+00
1.289680270636801573e+00
1.214274081390841697e+00
1.186619227442097912e+00
1.211465738149177795e+00
1.311353328581655875e+00
1.634536000246153309e+00
2.314665745253030149e+00
2.026380169525578978e+00
2.272431336212008546e+00
2.188821140568632639e+00
2.153215144878202203e+00
1.480571062821037343e+00
1.993495762457994758e+00
1.663760654078589418e+00
1.733652058892547476e+00
1.863752752035928273e+00
2.191843703320011993e+00
1.965567031315123891e+00
1.811142874269798142e+00
1.713773201219919828e+00
1.802485452791635412e+00
1.803051771448399565e+00
2.111867779251948463e+00
1.795709112192053203e+00
1.885737086676641416e+00
1.860805854923118563e+00
1.841206553710313942e+00
1.604253728626466646e+00
1.225926737614987605e+00
1.166041048774851374e+00
1.202375412120687104e+00
1.789182343083274507e+00
1.626213342261490169e+00
