# 	r			Protein
0.000000000000000000e+00 1.013773399999883259e+06
1.052220865598092914e+01 6.744908200000592507e+06
1.753701442663488308e+01 1.691787827998566628e+07
2.455182019728883347e+01 2.991236983998319134e+07
3.156662596794278741e+01 4.539939386995434761e+07
3.858143173859674135e+01 6.521787860995356739e+07
4.559623750925069174e+01 9.039743519944079220e+07
5.261104327990464924e+01 1.216999833687441498e+08
5.962584905055859963e+01 1.593377072689990103e+08
6.664065482121255002e+01 2.017525606096938252e+08
7.365546059186651462e+01 2.484667444905149937e+08
8.067026636252046501e+01 2.989640702013974786e+08
8.768507213317441540e+01 3.507303202332134843e+08
9.469987790382836579e+01 4.016858198442479372e+08
1.017146836744823304e+02 4.519158235760939717e+08
1.087294894451362808e+02 5.034850630073474646e+08
1.157442952157902312e+02 5.532798291417802572e+08
1.227591009864441816e+02 6.004992003206323385e+08
1.297739067570981319e+02 6.417160557992110252e+08
1.367887125277520681e+02 6.740524257255752087e+08
1.438035182984060327e+02 6.962347102504128218e+08
1.508183240690599689e+02 7.058527021032829285e+08
1.578331298397139335e+02 7.024341981629031897e+08
1.648479356103678981e+02 6.871697332301188707e+08
1.718627413810218343e+02 6.598954006349557638e+08
1.788775471516757989e+02 6.220665613773646355e+08
1.858923529223297351e+02 5.736348966259140968e+08
1.929071586929836997e+02 5.171690490763252378e+08
1.999219644636376643e+02 4.575553511947476864e+08
2.069367702342916004e+02 3.972897838730316758e+08
2.139515760049455650e+02 3.373827419919700027e+08
2.209663817755995012e+02 2.803683017615745664e+08
2.279811875462534658e+02 2.276729436705058515e+08
2.349959933169074304e+02 1.808492114794395864e+08
2.420107990875613666e+02 1.407583071687508523e+08
2.490256048582153312e+02 1.059706828992011398e+08
2.560404106288692674e+02 7.699019587972699106e+07
2.630552163995232604e+02 5.431875620990551263e+07
2.700700221701771966e+02 3.668533693996405602e+07
2.770848279408311896e+02 2.387980207997665927e+07
2.840996337114851258e+02 1.501374380998583697e+07
2.911144394821390620e+02 9.088741459997536615e+06
2.981292452527929981e+02 5.261433110001230612e+06
3.051440510234469912e+02 3.009911950001149438e+06
3.121588567941009273e+02 1.674628230000260053e+06
3.191736625647548635e+02 9.207572199998992728e+05
3.261884683354088565e+02 5.079844999999955180e+05
3.332032741060627927e+02 2.786937799999970593e+05
3.402180798767167289e+02 1.330125400000014924e+05
3.472328856473707219e+02 6.002302000000009139e+04
3.542476914180246581e+02 3.017550000000002183e+04
3.612624971886785943e+02 1.160514000000000851e+04
3.682773029593325305e+02 1.226319999999999936e+03
3.752921087299865235e+02 1.561999999999999886e+02
3.823069145006404597e+02 0.000000000000000000e+00
3.893217202712943958e+02 0.000000000000000000e+00
3.963365260419483889e+02 0.000000000000000000e+00
4.033513318126023250e+02 0.000000000000000000e+00
4.103661375832562612e+02 0.000000000000000000e+00
4.173809433539102542e+02 0.000000000000000000e+00
4.243957491245641904e+02 0.000000000000000000e+00
4.314105548952181266e+02 0.000000000000000000e+00
4.384253606658720628e+02 0.000000000000000000e+00
4.454401664365260558e+02 0.000000000000000000e+00
4.524549722071799920e+02 0.000000000000000000e+00
4.594697779778339282e+02 0.000000000000000000e+00
4.664845837484879212e+02 0.000000000000000000e+00
4.734993895191418574e+02 0.000000000000000000e+00
4.805141952897957935e+02 0.000000000000000000e+00
4.875290010604497297e+02 0.000000000000000000e+00
4.945438068311037227e+02 0.000000000000000000e+00
5.015586126017576589e+02 0.000000000000000000e+00
5.085734183724115951e+02 0.000000000000000000e+00
5.155882241430655313e+02 0.000000000000000000e+00
5.226030299137195243e+02 0.000000000000000000e+00
5.296178356843735173e+02 0.000000000000000000e+00
5.366326414550273967e+02 0.000000000000000000e+00
5.436474472256813897e+02 0.000000000000000000e+00
5.506622529963353827e+02 0.000000000000000000e+00
5.576770587669892620e+02 0.000000000000000000e+00
5.646918645376432551e+02 0.000000000000000000e+00
5.717066703082972481e+02 0.000000000000000000e+00
5.787214760789511274e+02 0.000000000000000000e+00
5.857362818496051204e+02 0.000000000000000000e+00
5.927510876202589998e+02 0.000000000000000000e+00
5.997658933909129928e+02 0.000000000000000000e+00
6.067806991615669858e+02 0.000000000000000000e+00
6.137955049322208652e+02 0.000000000000000000e+00
6.208103107028748582e+02 0.000000000000000000e+00
6.278251164735288512e+02 0.000000000000000000e+00
6.348399222441827305e+02 0.000000000000000000e+00
6.418547280148367236e+02 0.000000000000000000e+00
6.488695337854907166e+02 0.000000000000000000e+00
6.558843395561445959e+02 0.000000000000000000e+00
6.628991453267985889e+02 0.000000000000000000e+00
6.699139510974525820e+02 0.000000000000000000e+00
6.769287568681064613e+02 0.000000000000000000e+00
6.839435626387604543e+02 0.000000000000000000e+00
6.909583684094144473e+02 0.000000000000000000e+00
7.014805770653953232e+02 0.000000000000000000e+00
