# 	r			Protein
0.000000000000000000e+00 3.632415000000032596e+05
1.052220865598092914e+01 2.812939640000890940e+06
1.753701442663488308e+01 8.786759429998226464e+06
2.455182019728883347e+01 2.036371588998097554e+07
3.156662596794278741e+01 3.844919431005844474e+07
3.858143173859674135e+01 6.283712483028172702e+07
4.559623750925069174e+01 9.385934413996525109e+07
5.261104327990464924e+01 1.302172856294857413e+08
5.962584905055859963e+01 1.704079015376797616e+08
6.664065482121255002e+01 2.148031769458516538e+08
7.365546059186651462e+01 2.656632413736603856e+08
8.067026636252046501e+01 3.259030000347282290e+08
8.768507213317441540e+01 3.968044503964585662e+08
9.469987790382836579e+01 4.779905163482630253e+08
1.017146836744823304e+02 5.630522541575361490e+08
1.087294894451362808e+02 6.373805049292299747e+08
1.157442952157902312e+02 6.888885373045668602e+08
1.227591009864441816e+02 7.133019282814638615e+08
1.297739067570981319e+02 7.151218973120847940e+08
1.367887125277520681e+02 7.083277092896733284e+08
1.438035182984060327e+02 7.002164436570166349e+08
1.508183240690599689e+02 6.904545642341977358e+08
1.578331298397139335e+02 6.729794197591434717e+08
1.648479356103678981e+02 6.457695851812314987e+08
1.718627413810218343e+02 6.068877259503630400e+08
1.788775471516757989e+02 5.605520480869956017e+08
1.858923529223297351e+02 5.106523225296707153e+08
1.929071586929836997e+02 4.607885026383330226e+08
1.999219644636376643e+02 4.135990323771499395e+08
2.069367702342916004e+02 3.691210779958409071e+08
2.139515760049455650e+02 3.257163842750344872e+08
2.209663817755995012e+02 2.847832969041032791e+08
2.279811875462534658e+02 2.498611812845383286e+08
2.349959933169074304e+02 2.188935971957615614e+08
2.420107990875613666e+02 1.911159678869112134e+08
2.490256048582153312e+02 1.654742674280365109e+08
2.560404106288692674e+02 1.420445801690396965e+08
2.630552163995232604e+02 1.209736709395745695e+08
2.700700221701771966e+02 1.032263679197981805e+08
2.770848279408311896e+02 8.796073443002465367e+07
2.840996337114851258e+02 7.415044364023223519e+07
2.911144394821390620e+02 6.096832866027773172e+07
2.981292452527929981e+02 4.980260196016336232e+07
3.051440510234469912e+02 4.025712567006444186e+07
3.121588567941009273e+02 3.246552688999455795e+07
3.191736625647548635e+02 2.651521655998940766e+07
3.261884683354088565e+02 2.208081036998192593e+07
3.332032741060627927e+02 1.855659940997461230e+07
3.402180798767167289e+02 1.555032487997426093e+07
3.472328856473707219e+02 1.265805568998493999e+07
3.542476914180246581e+02 9.969329819994973019e+06
3.612624971886785943e+02 7.643504840000558645e+06
3.682773029593325305e+02 5.572175400001125410e+06
3.752921087299865235e+02 3.808521550001624972e+06
3.823069145006404597e+02 2.538864470000758301e+06
3.893217202712943958e+02 1.582433040000062902e+06
3.963365260419483889e+02 9.465456199998747325e+05
4.033513318126023250e+02 5.451255199999912875e+05
4.103661375832562612e+02 2.814297900000069640e+05
4.173809433539102542e+02 1.368558500000011409e+05
4.243957491245641904e+02 8.271946999999992840e+04
4.314105548952181266e+02 3.762492999999989115e+04
4.384253606658720628e+02 1.977783000000003813e+04
4.454401664365260558e+02 8.837260000000000218e+03
4.524549722071799920e+02 5.404149999999998727e+03
4.594697779778339282e+02 7.229700000000000273e+02
4.664845837484879212e+02 0.000000000000000000e+00
4.734993895191418574e+02 0.000000000000000000e+00
4.805141952897957935e+02 0.000000000000000000e+00
4.875290010604497297e+02 0.000000000000000000e+00
4.945438068311037227e+02 0.000000000000000000e+00
5.015586126017576589e+02 0.000000000000000000e+00
5.085734183724115951e+02 0.000000000000000000e+00
5.155882241430655313e+02 0.000000000000000000e+00
5.226030299137195243e+02 0.000000000000000000e+00
5.296178356843735173e+02 0.000000000000000000e+00
5.366326414550273967e+02 0.000000000000000000e+00
5.436474472256813897e+02 0.000000000000000000e+00
5.506622529963353827e+02 0.000000000000000000e+00
5.576770587669892620e+02 0.000000000000000000e+00
5.646918645376432551e+02 0.000000000000000000e+00
5.717066703082972481e+02 0.000000000000000000e+00
5.787214760789511274e+02 0.000000000000000000e+00
5.857362818496051204e+02 0.000000000000000000e+00
5.927510876202589998e+02 0.000000000000000000e+00
5.997658933909129928e+02 0.000000000000000000e+00
6.067806991615669858e+02 0.000000000000000000e+00
6.137955049322208652e+02 0.000000000000000000e+00
6.208103107028748582e+02 0.000000000000000000e+00
6.278251164735288512e+02 0.000000000000000000e+00
6.348399222441827305e+02 0.000000000000000000e+00
6.418547280148367236e+02 0.000000000000000000e+00
6.488695337854907166e+02 0.000000000000000000e+00
6.558843395561445959e+02 0.000000000000000000e+00
6.628991453267985889e+02 0.000000000000000000e+00
6.699139510974525820e+02 0.000000000000000000e+00
6.769287568681064613e+02 0.000000000000000000e+00
6.839435626387604543e+02 0.000000000000000000e+00
6.909583684094144473e+02 0.000000000000000000e+00
7.014805770653953232e+02 0.000000000000000000e+00
