# 	r			Protein
0.000000000000000000e+00 4.533869000000016531e+05
1.052220865598092914e+01 4.203625030002086423e+06
1.753701442663488308e+01 1.642140784997104853e+07
2.455182019728883347e+01 4.165594375009971112e+07
3.156662596794278741e+01 7.878258261024473608e+07
3.858143173859674135e+01 1.236263591595419496e+08
4.559623750925069174e+01 1.701956090177889466e+08
5.261104327990464924e+01 2.179432618355368078e+08
5.962584905055859963e+01 2.706767238234339952e+08
6.664065482121255002e+01 3.276960954346962571e+08
7.365546059186651462e+01 3.864830416562500000e+08
8.067026636252046501e+01 4.459413798774399161e+08
8.768507213317441540e+01 5.082717559086781740e+08
9.469987790382836579e+01 5.658880706181316376e+08
1.017146836744823304e+02 6.052430588201042414e+08
1.087294894451362808e+02 6.222489768550281525e+08
1.157442952157902312e+02 6.202609127744859457e+08
1.227591009864441816e+02 6.080050048210591078e+08
1.297739067570981319e+02 5.969421176881604195e+08
1.367887125277520681e+02 5.967999038478294611e+08
1.438035182984060327e+02 6.067564051007417440e+08
1.508183240690599689e+02 6.218747398150820732e+08
1.578331298397139335e+02 6.341846184387048483e+08
1.648479356103678981e+02 6.363894327792358398e+08
1.718627413810218343e+02 6.235821375954709053e+08
1.788775471516757989e+02 5.955114537274596691e+08
1.858923529223297351e+02 5.494495381942881346e+08
1.929071586929836997e+02 4.875183968191562891e+08
1.999219644636376643e+02 4.200169946775389314e+08
2.069367702342916004e+02 3.562324628357344270e+08
2.139515760049455650e+02 3.048587532644173503e+08
2.209663817755995012e+02 2.671701632035770416e+08
2.279811875462534658e+02 2.376443759148654044e+08
2.349959933169074304e+02 2.093956087260130644e+08
2.420107990875613666e+02 1.805047143471573889e+08
2.490256048582153312e+02 1.522340397085278928e+08
2.560404106288692674e+02 1.256865698995499313e+08
2.630552163995232604e+02 1.012912489199470133e+08
2.700700221701771966e+02 7.809545104025748372e+07
2.770848279408311896e+02 5.634179925026714057e+07
2.840996337114851258e+02 3.747234826004198194e+07
2.911144394821390620e+02 2.309580708998124674e+07
2.981292452527929981e+02 1.359983667998138256e+07
3.051440510234469912e+02 7.519532340000323020e+06
3.121588567941009273e+02 4.114404520002076402e+06
3.191736625647548635e+02 2.165988370000235736e+06
3.261884683354088565e+02 1.104933629999866476e+06
3.332032741060627927e+02 5.686080099999846425e+05
3.402180798767167289e+02 2.856075100000052480e+05
3.472328856473707219e+02 1.198166100000005827e+05
3.542476914180246581e+02 4.562915999999980704e+04
3.612624971886785943e+02 1.567194000000002052e+04
3.682773029593325305e+02 3.828369999999997617e+03
3.752921087299865235e+02 2.651999999999999886e+02
3.823069145006404597e+02 0.000000000000000000e+00
3.893217202712943958e+02 0.000000000000000000e+00
3.963365260419483889e+02 0.000000000000000000e+00
4.033513318126023250e+02 0.000000000000000000e+00
4.103661375832562612e+02 0.000000000000000000e+00
4.173809433539102542e+02 0.000000000000000000e+00
4.243957491245641904e+02 0.000000000000000000e+00
4.314105548952181266e+02 0.000000000000000000e+00
4.384253606658720628e+02 0.000000000000000000e+00
4.454401664365260558e+02 0.000000000000000000e+00
4.524549722071799920e+02 0.000000000000000000e+00
4.594697779778339282e+02 0.000000000000000000e+00
4.664845837484879212e+02 0.000000000000000000e+00
4.734993895191418574e+02 0.000000000000000000e+00
4.805141952897957935e+02 0.000000000000000000e+00
4.875290010604497297e+02 0.000000000000000000e+00
4.945438068311037227e+02 0.000000000000000000e+00
5.015586126017576589e+02 0.000000000000000000e+00
5.085734183724115951e+02 0.000000000000000000e+00
5.155882241430655313e+02 0.000000000000000000e+00
5.226030299137195243e+02 0.000000000000000000e+00
5.296178356843735173e+02 0.000000000000000000e+00
5.366326414550273967e+02 0.000000000000000000e+00
5.436474472256813897e+02 0.000000000000000000e+00
5.506622529963353827e+02 0.000000000000000000e+00
5.576770587669892620e+02 0.000000000000000000e+00
5.646918645376432551e+02 0.000000000000000000e+00
5.717066703082972481e+02 0.000000000000000000e+00
5.787214760789511274e+02 0.000000000000000000e+00
5.857362818496051204e+02 0.000000000000000000e+00
5.927510876202589998e+02 0.000000000000000000e+00
5.997658933909129928e+02 0.000000000000000000e+00
6.067806991615669858e+02 0.000000000000000000e+00
6.137955049322208652e+02 0.000000000000000000e+00
6.208103107028748582e+02 0.000000000000000000e+00
6.278251164735288512e+02 0.000000000000000000e+00
6.348399222441827305e+02 0.000000000000000000e+00
6.418547280148367236e+02 0.000000000000000000e+00
6.488695337854907166e+02 0.000000000000000000e+00
6.558843395561445959e+02 0.000000000000000000e+00
6.628991453267985889e+02 0.000000000000000000e+00
6.699139510974525820e+02 0.000000000000000000e+00
6.769287568681064613e+02 0.000000000000000000e+00
6.839435626387604543e+02 0.000000000000000000e+00
6.909583684094144473e+02 0.000000000000000000e+00
7.014805770653953232e+02 0.000000000000000000e+00
