# 	r			Protein
0.000000000000000000e+00 2.633276520000692457e+06
1.052220865598092914e+01 1.800316529997141287e+07
1.753701442663488308e+01 4.733181141015139967e+07
2.455182019728883347e+01 8.884957578010383248e+07
3.156662596794278741e+01 1.379582015692466497e+08
3.858143173859674135e+01 1.906377516368487179e+08
4.559623750925069174e+01 2.438702772342920005e+08
5.261104327990464924e+01 2.949497850736477971e+08
5.962584905055859963e+01 3.422892780047321916e+08
6.664065482121255002e+01 3.874107069258201122e+08
7.365546059186651462e+01 4.227702198770211339e+08
8.067026636252046501e+01 4.420005336076990366e+08
8.768507213317441540e+01 4.455348940376278758e+08
9.469987790382836579e+01 4.429690216375200152e+08
1.017146836744823304e+02 4.432989716475172639e+08
1.087294894451362808e+02 4.459182995377185941e+08
1.157442952157902312e+02 4.517114244180120230e+08
1.227591009864441816e+02 4.585725973482629061e+08
1.297739067570981319e+02 4.683117145988110900e+08
1.367887125277520681e+02 4.796390218089835048e+08
1.438035182984060327e+02 4.950658570392869115e+08
1.508183240690599689e+02 5.152035147097734213e+08
1.578331298397139335e+02 5.363496260599719882e+08
1.648479356103678981e+02 5.479529744631531239e+08
1.718627413810218343e+02 5.439987390020890236e+08
1.788775471516757989e+02 5.238416036798562407e+08
1.858923529223297351e+02 4.904234116190032363e+08
1.929071586929836997e+02 4.479791604277880192e+08
1.999219644636376643e+02 4.018525340868057013e+08
2.069367702342916004e+02 3.587726261857589483e+08
2.139515760049455650e+02 3.235166519949576259e+08
2.209663817755995012e+02 2.984565994943839908e+08
2.279811875462534658e+02 2.809222403137615919e+08
2.349959933169074304e+02 2.659316932634268105e+08
2.420107990875613666e+02 2.486283764641129375e+08
2.490256048582153312e+02 2.248792392552175820e+08
2.560404106288692674e+02 1.959840796064621508e+08
2.630552163995232604e+02 1.653141474479148686e+08
2.700700221701771966e+02 1.367902146992543042e+08
2.770848279408311896e+02 1.133908366896685958e+08
2.840996337114851258e+02 9.598716382993580401e+07
2.911144394821390620e+02 8.381388633012469113e+07
2.981292452527929981e+02 7.603142890022756159e+07
3.051440510234469912e+02 7.142291792030003667e+07
3.121588567941009273e+02 6.784701309035708010e+07
3.191736625647548635e+02 6.449031210034427792e+07
3.261884683354088565e+02 5.994042985029676557e+07
3.332032741060627927e+02 5.438222290024143457e+07
3.402180798767167289e+02 4.767949229016611725e+07
3.472328856473707219e+02 4.035261393007621914e+07
3.542476914180246581e+02 3.255106005999004096e+07
3.612624971886785943e+02 2.492011275997985154e+07
3.682773029593325305e+02 1.831199410997273028e+07
3.752921087299865235e+02 1.282671184998395853e+07
3.823069145006404597e+02 8.558233259999239817e+06
3.893217202712943958e+02 5.557632700001273304e+06
3.963365260419483889e+02 3.528254610001510009e+06
4.033513318126023250e+02 2.275223350000356324e+06
4.103661375832562612e+02 1.252517919999922626e+06
4.173809433539102542e+02 5.827067399999792688e+05
4.243957491245641904e+02 2.348841300000051560e+05
4.314105548952181266e+02 8.623367999999990570e+04
4.384253606658720628e+02 3.627439999999994325e+04
4.454401664365260558e+02 5.970220000000000255e+03
4.524549722071799920e+02 4.545000000000000000e+02
4.594697779778339282e+02 0.000000000000000000e+00
4.664845837484879212e+02 0.000000000000000000e+00
4.734993895191418574e+02 0.000000000000000000e+00
4.805141952897957935e+02 0.000000000000000000e+00
4.875290010604497297e+02 0.000000000000000000e+00
4.945438068311037227e+02 0.000000000000000000e+00
5.015586126017576589e+02 0.000000000000000000e+00
5.085734183724115951e+02 0.000000000000000000e+00
5.155882241430655313e+02 0.000000000000000000e+00
5.226030299137195243e+02 0.000000000000000000e+00
5.296178356843735173e+02 0.000000000000000000e+00
5.366326414550273967e+02 0.000000000000000000e+00
5.436474472256813897e+02 0.000000000000000000e+00
5.506622529963353827e+02 0.000000000000000000e+00
5.576770587669892620e+02 0.000000000000000000e+00
5.646918645376432551e+02 0.000000000000000000e+00
5.717066703082972481e+02 0.000000000000000000e+00
5.787214760789511274e+02 0.000000000000000000e+00
5.857362818496051204e+02 0.000000000000000000e+00
5.927510876202589998e+02 0.000000000000000000e+00
5.997658933909129928e+02 0.000000000000000000e+00
6.067806991615669858e+02 0.000000000000000000e+00
6.137955049322208652e+02 0.000000000000000000e+00
6.208103107028748582e+02 0.000000000000000000e+00
6.278251164735288512e+02 0.000000000000000000e+00
6.348399222441827305e+02 0.000000000000000000e+00
6.418547280148367236e+02 0.000000000000000000e+00
6.488695337854907166e+02 0.000000000000000000e+00
6.558843395561445959e+02 0.000000000000000000e+00
6.628991453267985889e+02 0.000000000000000000e+00
6.699139510974525820e+02 0.000000000000000000e+00
6.769287568681064613e+02 0.000000000000000000e+00
6.839435626387604543e+02 0.000000000000000000e+00
6.909583684094144473e+02 0.000000000000000000e+00
7.014805770653953232e+02 0.000000000000000000e+00
