# 	r			Protein
0.000000000000000000e+00 6.866493999999555526e+05
1.052220865598092914e+01 5.411540990001806058e+06
1.753701442663488308e+01 1.813117384996856377e+07
2.455182019728883347e+01 4.476721910006440431e+07
3.156662596794278741e+01 9.147088307995153964e+07
3.858143173859674135e+01 1.603814712989493012e+08
4.559623750925069174e+01 2.459368581658142507e+08
5.261104327990464924e+01 3.436732092558454871e+08
5.962584905055859963e+01 4.491025039686277509e+08
6.664065482121255002e+01 5.537325183865536451e+08
7.365546059186651462e+01 6.562119432961535454e+08
8.067026636252046501e+01 7.617601217607623339e+08
8.768507213317441540e+01 8.813745925793433189e+08
9.469987790382836579e+01 1.018703420742588639e+09
1.017146836744823304e+02 1.166151523375835896e+09
1.087294894451362808e+02 1.306424873913980246e+09
1.157442952157902312e+02 1.421218008561554432e+09
1.227591009864441816e+02 1.490861472838907719e+09
1.297739067570981319e+02 1.517164717365130901e+09
1.367887125277520681e+02 1.516408774344634056e+09
1.438035182984060327e+02 1.497068003004272938e+09
1.508183240690599689e+02 1.458369486061507463e+09
1.578331298397139335e+02 1.395658106284595013e+09
1.648479356103678981e+02 1.303804107455932617e+09
1.718627413810218343e+02 1.187680848427401066e+09
1.788775471516757989e+02 1.060662640728742838e+09
1.858923529223297351e+02 9.302039696458860636e+08
1.929071586929836997e+02 8.031294589846909046e+08
1.999219644636376643e+02 6.823843399319981337e+08
2.069367702342916004e+02 5.718174996619876623e+08
2.139515760049455650e+02 4.745470237012206316e+08
2.209663817755995012e+02 3.907854078398203850e+08
2.279811875462534658e+02 3.210384143683920503e+08
2.349959933169074304e+02 2.646830649475724995e+08
2.420107990875613666e+02 2.202121800884844959e+08
2.490256048582153312e+02 1.837362664185789824e+08
2.560404106288692674e+02 1.529545898286316693e+08
2.630552163995232604e+02 1.272015825290853828e+08
2.700700221701771966e+02 1.051049861494652480e+08
2.770848279408311896e+02 8.574275113979727030e+07
2.840996337114851258e+02 6.948266455006107688e+07
2.911144394821390620e+02 5.525454240003318340e+07
2.981292452527929981e+02 4.266394665000219643e+07
3.051440510234469912e+02 3.145339188997334614e+07
3.121588567941009273e+02 2.203434734997838363e+07
3.191736625647548635e+02 1.479102946998544410e+07
3.261884683354088565e+02 9.574433029996775091e+06
3.332032741060627927e+02 6.037652000001031905e+06
3.402180798767167289e+02 3.678297420001596678e+06
3.472328856473707219e+02 2.069254720000472385e+06
3.542476914180246581e+02 1.183991349999982864e+06
3.612624971886785943e+02 6.473208599999620346e+05
3.682773029593325305e+02 3.444391999999979162e+05
3.752921087299865235e+02 1.939508300000005111e+05
3.823069145006404597e+02 9.241321000000054482e+04
3.893217202712943958e+02 4.711428000000002794e+04
3.963365260419483889e+02 2.343857000000001062e+04
4.033513318126023250e+02 9.832479999999999563e+03
4.103661375832562612e+02 2.548729999999999109e+03
4.173809433539102542e+02 3.884019999999998618e+03
4.243957491245641904e+02 1.940249999999999545e+03
4.314105548952181266e+02 6.837699999999999818e+02
4.384253606658720628e+02 6.366700000000000728e+02
4.454401664365260558e+02 4.434500000000000455e+02
4.524549722071799920e+02 0.000000000000000000e+00
4.594697779778339282e+02 0.000000000000000000e+00
4.664845837484879212e+02 0.000000000000000000e+00
4.734993895191418574e+02 0.000000000000000000e+00
4.805141952897957935e+02 0.000000000000000000e+00
4.875290010604497297e+02 0.000000000000000000e+00
4.945438068311037227e+02 0.000000000000000000e+00
5.015586126017576589e+02 0.000000000000000000e+00
5.085734183724115951e+02 0.000000000000000000e+00
5.155882241430655313e+02 0.000000000000000000e+00
5.226030299137195243e+02 0.000000000000000000e+00
5.296178356843735173e+02 0.000000000000000000e+00
5.366326414550273967e+02 0.000000000000000000e+00
5.436474472256813897e+02 0.000000000000000000e+00
5.506622529963353827e+02 0.000000000000000000e+00
5.576770587669892620e+02 0.000000000000000000e+00
5.646918645376432551e+02 0.000000000000000000e+00
5.717066703082972481e+02 0.000000000000000000e+00
5.787214760789511274e+02 0.000000000000000000e+00
5.857362818496051204e+02 0.000000000000000000e+00
5.927510876202589998e+02 0.000000000000000000e+00
5.997658933909129928e+02 0.000000000000000000e+00
6.067806991615669858e+02 0.000000000000000000e+00
6.137955049322208652e+02 0.000000000000000000e+00
6.208103107028748582e+02 0.000000000000000000e+00
6.278251164735288512e+02 0.000000000000000000e+00
6.348399222441827305e+02 0.000000000000000000e+00
6.418547280148367236e+02 0.000000000000000000e+00
6.488695337854907166e+02 0.000000000000000000e+00
6.558843395561445959e+02 0.000000000000000000e+00
6.628991453267985889e+02 0.000000000000000000e+00
6.699139510974525820e+02 0.000000000000000000e+00
6.769287568681064613e+02 0.000000000000000000e+00
6.839435626387604543e+02 0.000000000000000000e+00
6.909583684094144473e+02 0.000000000000000000e+00
7.014805770653953232e+02 0.000000000000000000e+00
