# 	r			Protein
0.000000000000000000e+00 1.708284760000176728e+06
1.052220865598092914e+01 1.188583873998957314e+07
1.753701442663488308e+01 3.203852824999447539e+07
2.455182019728883347e+01 6.201183749011312425e+07
3.156662596794278741e+01 1.020261303494369984e+08
3.858143173859674135e+01 1.531374040983282328e+08
4.559623750925069174e+01 2.143839691776918471e+08
5.261104327990464924e+01 2.847367514467296600e+08
5.962584905055859963e+01 3.639714475999413729e+08
6.664065482121255002e+01 4.514459745227943659e+08
7.365546059186651462e+01 5.484887163695080280e+08
8.067026636252046501e+01 6.536461856160782576e+08
8.768507213317441540e+01 7.626002553253285885e+08
9.469987790382836579e+01 8.664525566200612783e+08
1.017146836744823304e+02 9.579892803318657875e+08
1.087294894451362808e+02 1.037196585313725710e+09
1.157442952157902312e+02 1.099117948310952425e+09
1.227591009864441816e+02 1.144273345583066225e+09
1.297739067570981319e+02 1.171055538292762518e+09
1.367887125277520681e+02 1.178308996538077354e+09
1.438035182984060327e+02 1.166628113079519749e+09
1.508183240690599689e+02 1.142021379825729132e+09
1.578331298397139335e+02 1.111090018377412081e+09
1.648479356103678981e+02 1.078858868652047396e+09
1.718627413810218343e+02 1.049413975547127962e+09
1.788775471516757989e+02 1.022631157368117690e+09
1.858923529223297351e+02 9.946060890100508928e+08
1.929071586929836997e+02 9.595765413824976683e+08
1.999219644636376643e+02 9.175017308030555248e+08
2.069367702342916004e+02 8.659254803019937277e+08
2.139515760049455650e+02 8.091527692899688482e+08
2.209663817755995012e+02 7.504515074563354254e+08
2.279811875462534658e+02 6.874983136116985083e+08
2.349959933169074304e+02 6.200369847636504173e+08
2.420107990875613666e+02 5.520222160947220325e+08
2.490256048582153312e+02 4.848132521592978835e+08
2.560404106288692674e+02 4.191527165286871791e+08
2.630552163995232604e+02 3.555903283482615352e+08
2.700700221701771966e+02 2.924773582761690617e+08
2.770848279408311896e+02 2.313869890569223464e+08
2.840996337114851258e+02 1.742661826478853822e+08
2.911144394821390620e+02 1.251329695093613416e+08
2.981292452527929981e+02 8.498574427994832397e+07
3.051440510234469912e+02 5.452024891009321809e+07
3.121588567941009273e+02 3.313258590998188034e+07
3.191736625647548635e+02 1.954069005997626856e+07
3.261884683354088565e+02 1.140700771999181435e+07
3.332032741060627927e+02 6.689444810000626370e+06
3.402180798767167289e+02 3.973821480001686607e+06
3.472328856473707219e+02 2.276519600000616163e+06
3.542476914180246581e+02 1.306037460000037681e+06
3.612624971886785943e+02 6.969643799999534385e+05
3.682773029593325305e+02 3.625660299999992712e+05
3.752921087299865235e+02 1.785414799999994866e+05
3.823069145006404597e+02 8.695789000000046508e+04
3.893217202712943958e+02 4.422191000000006898e+04
3.963365260419483889e+02 2.180448000000003231e+04
4.033513318126023250e+02 8.281530000000000655e+03
4.103661375832562612e+02 2.922059999999998581e+03
4.173809433539102542e+02 1.677749999999999545e+03
4.243957491245641904e+02 1.064179999999999836e+03
4.314105548952181266e+02 9.951400000000001000e+02
4.384253606658720628e+02 6.136999999999999318e+02
4.454401664365260558e+02 8.199699999999999136e+02
4.524549722071799920e+02 3.546000000000000227e+02
4.594697779778339282e+02 0.000000000000000000e+00
4.664845837484879212e+02 0.000000000000000000e+00
4.734993895191418574e+02 0.000000000000000000e+00
4.805141952897957935e+02 0.000000000000000000e+00
4.875290010604497297e+02 0.000000000000000000e+00
4.945438068311037227e+02 0.000000000000000000e+00
5.015586126017576589e+02 0.000000000000000000e+00
5.085734183724115951e+02 0.000000000000000000e+00
5.155882241430655313e+02 0.000000000000000000e+00
5.226030299137195243e+02 0.000000000000000000e+00
5.296178356843735173e+02 0.000000000000000000e+00
5.366326414550273967e+02 0.000000000000000000e+00
5.436474472256813897e+02 0.000000000000000000e+00
5.506622529963353827e+02 0.000000000000000000e+00
5.576770587669892620e+02 0.000000000000000000e+00
5.646918645376432551e+02 0.000000000000000000e+00
5.717066703082972481e+02 0.000000000000000000e+00
5.787214760789511274e+02 0.000000000000000000e+00
5.857362818496051204e+02 0.000000000000000000e+00
5.927510876202589998e+02 0.000000000000000000e+00
5.997658933909129928e+02 0.000000000000000000e+00
6.067806991615669858e+02 0.000000000000000000e+00
6.137955049322208652e+02 0.000000000000000000e+00
6.208103107028748582e+02 0.000000000000000000e+00
6.278251164735288512e+02 0.000000000000000000e+00
6.348399222441827305e+02 0.000000000000000000e+00
6.418547280148367236e+02 0.000000000000000000e+00
6.488695337854907166e+02 0.000000000000000000e+00
6.558843395561445959e+02 0.000000000000000000e+00
6.628991453267985889e+02 0.000000000000000000e+00
6.699139510974525820e+02 0.000000000000000000e+00
6.769287568681064613e+02 0.000000000000000000e+00
6.839435626387604543e+02 0.000000000000000000e+00
6.909583684094144473e+02 0.000000000000000000e+00
7.014805770653953232e+02 0.000000000000000000e+00
