# 	r			Protein
0.000000000000000000e+00 9.712027799998780247e+05
1.052220865598092914e+01 6.901719780000217259e+06
1.753701442663488308e+01 1.937675163997615129e+07
2.455182019728883347e+01 3.965352101000232995e+07
3.156662596794278741e+01 6.971949061008842289e+07
3.858143173859674135e+01 1.118106197292490155e+08
4.559623750925069174e+01 1.685221730291208923e+08
5.261104327990464924e+01 2.432009416080353260e+08
5.962584905055859963e+01 3.363007948089269996e+08
6.664065482121255002e+01 4.481158762005681992e+08
7.365546059186651462e+01 5.768831727215895653e+08
8.067026636252046501e+01 7.192968022774522305e+08
8.768507213317441540e+01 8.681205221555290222e+08
9.469987790382836579e+01 1.016827146504101634e+09
1.017146836744823304e+02 1.153688854178692341e+09
1.087294894451362808e+02 1.270501907936084032e+09
1.157442952157902312e+02 1.360117927263064146e+09
1.227591009864441816e+02 1.417327693735198736e+09
1.297739067570981319e+02 1.443951436644344568e+09
1.367887125277520681e+02 1.453289335352594137e+09
1.438035182984060327e+02 1.444113273767148733e+09
1.508183240690599689e+02 1.415927268024151087e+09
1.578331298397139335e+02 1.371564692947662592e+09
1.648479356103678981e+02 1.309504905578850746e+09
1.718627413810218343e+02 1.225094354276986599e+09
1.788775471516757989e+02 1.118638847944858313e+09
1.858923529223297351e+02 1.000129564594866633e+09
1.929071586929836997e+02 8.838266118574311733e+08
1.999219644636376643e+02 7.848387063812624216e+08
2.069367702342916004e+02 7.035768458294130564e+08
2.139515760049455650e+02 6.338263037500029802e+08
2.209663817755995012e+02 5.622964635197894573e+08
2.279811875462534658e+02 4.826837828208766580e+08
2.349959933169074304e+02 3.976830358691248894e+08
2.420107990875613666e+02 3.148604524586300254e+08
2.490256048582153312e+02 2.391283920678654313e+08
2.560404106288692674e+02 1.736745089783013463e+08
2.630552163995232604e+02 1.202499439192544371e+08
2.700700221701771966e+02 8.046312556991524994e+07
2.770848279408311896e+02 5.254206946003258228e+07
2.840996337114851258e+02 3.367521490997842699e+07
2.911144394821390620e+02 2.091889133997841552e+07
2.981292452527929981e+02 1.287496465998930112e+07
3.051440510234469912e+02 7.916469680000176653e+06
3.121588567941009273e+02 4.684749020001629367e+06
3.191736625647548635e+02 2.824696060000923928e+06
3.261884683354088565e+02 1.664439980000162032e+06
3.332032741060627927e+02 9.532304999999045394e+05
3.402180798767167289e+02 5.490623499999972992e+05
3.472328856473707219e+02 3.052718899999987334e+05
3.542476914180246581e+02 1.707175600000007544e+05
3.612624971886785943e+02 9.802758000000024913e+04
3.682773029593325305e+02 5.400533999999999651e+04
3.752921087299865235e+02 3.158895000000002983e+04
3.823069145006404597e+02 1.579324000000001797e+04
3.893217202712943958e+02 6.710049999999998363e+03
3.963365260419483889e+02 2.649469999999999345e+03
4.033513318126023250e+02 9.482599999999999909e+02
4.103661375832562612e+02 1.005340000000000146e+03
4.173809433539102542e+02 9.251299999999998818e+02
4.243957491245641904e+02 0.000000000000000000e+00
4.314105548952181266e+02 0.000000000000000000e+00
4.384253606658720628e+02 0.000000000000000000e+00
4.454401664365260558e+02 0.000000000000000000e+00
4.524549722071799920e+02 0.000000000000000000e+00
4.594697779778339282e+02 0.000000000000000000e+00
4.664845837484879212e+02 0.000000000000000000e+00
4.734993895191418574e+02 0.000000000000000000e+00
4.805141952897957935e+02 0.000000000000000000e+00
4.875290010604497297e+02 0.000000000000000000e+00
4.945438068311037227e+02 0.000000000000000000e+00
5.015586126017576589e+02 0.000000000000000000e+00
5.085734183724115951e+02 0.000000000000000000e+00
5.155882241430655313e+02 0.000000000000000000e+00
5.226030299137195243e+02 0.000000000000000000e+00
5.296178356843735173e+02 0.000000000000000000e+00
5.366326414550273967e+02 0.000000000000000000e+00
5.436474472256813897e+02 0.000000000000000000e+00
5.506622529963353827e+02 0.000000000000000000e+00
5.576770587669892620e+02 0.000000000000000000e+00
5.646918645376432551e+02 0.000000000000000000e+00
5.717066703082972481e+02 0.000000000000000000e+00
5.787214760789511274e+02 0.000000000000000000e+00
5.857362818496051204e+02 0.000000000000000000e+00
5.927510876202589998e+02 0.000000000000000000e+00
5.997658933909129928e+02 0.000000000000000000e+00
6.067806991615669858e+02 0.000000000000000000e+00
6.137955049322208652e+02 0.000000000000000000e+00
6.208103107028748582e+02 0.000000000000000000e+00
6.278251164735288512e+02 0.000000000000000000e+00
6.348399222441827305e+02 0.000000000000000000e+00
6.418547280148367236e+02 0.000000000000000000e+00
6.488695337854907166e+02 0.000000000000000000e+00
6.558843395561445959e+02 0.000000000000000000e+00
6.628991453267985889e+02 0.000000000000000000e+00
6.699139510974525820e+02 0.000000000000000000e+00
6.769287568681064613e+02 0.000000000000000000e+00
6.839435626387604543e+02 0.000000000000000000e+00
6.909583684094144473e+02 0.000000000000000000e+00
7.014805770653953232e+02 0.000000000000000000e+00
