# 	r			Protein
0.000000000000000000e+00 2.261370290000401437e+06
1.052220865598092914e+01 1.540233818998784944e+07
1.753701442663488308e+01 4.081831111001616716e+07
2.455182019728883347e+01 7.800361930991026759e+07
3.156662596794278741e+01 1.276537439189866930e+08
3.858143173859674135e+01 1.874732830081403553e+08
4.559623750925069174e+01 2.550459927267427444e+08
5.261104327990464924e+01 3.266355420186560154e+08
5.962584905055859963e+01 4.021412225010181069e+08
6.664065482121255002e+01 4.840796533934839368e+08
7.365546059186651462e+01 5.753958543039375544e+08
8.067026636252046501e+01 6.760990517794638872e+08
8.768507213317441540e+01 7.861362949689812660e+08
9.469987790382836579e+01 9.052862927806059122e+08
1.017146836744823304e+02 1.026664862030280709e+09
1.087294894451362808e+02 1.138313818652629852e+09
1.157442952157902312e+02 1.231657888964710236e+09
1.227591009864441816e+02 1.308670186931022882e+09
1.297739067570981319e+02 1.370268010506108999e+09
1.367887125277520681e+02 1.410008852659180880e+09
1.438035182984060327e+02 1.421778919642633915e+09
1.508183240690599689e+02 1.408275051834847212e+09
1.578331298397139335e+02 1.368108652558484316e+09
1.648479356103678981e+02 1.304917920131255627e+09
1.718627413810218343e+02 1.229015079911484718e+09
1.788775471516757989e+02 1.144531318259358644e+09
1.858923529223297351e+02 1.051209137710869074e+09
1.929071586929836997e+02 9.485511833367087841e+08
1.999219644636376643e+02 8.412167808504538536e+08
2.069367702342916004e+02 7.388176768845465183e+08
2.139515760049455650e+02 6.451293115203012228e+08
2.209663817755995012e+02 5.622953500410337448e+08
2.279811875462534658e+02 4.868109080519015193e+08
2.349959933169074304e+02 4.131804473905205727e+08
2.420107990875613666e+02 3.398133822498707771e+08
2.490256048582153312e+02 2.681426557490722835e+08
2.560404106288692674e+02 2.011652925792200267e+08
2.630552163995232604e+02 1.439722286490513086e+08
2.700700221701771966e+02 9.821744706950441003e+07
2.770848279408311896e+02 6.489441705999839306e+07
2.840996337114851258e+02 4.105676497998758405e+07
2.911144394821390620e+02 2.484811767997844890e+07
2.981292452527929981e+02 1.442482450998635776e+07
3.051440510234469912e+02 8.187323109999574721e+06
3.121588567941009273e+02 4.429346020001792349e+06
3.191736625647548635e+02 2.466881650000773370e+06
3.261884683354088565e+02 1.266123219999975758e+06
3.332032741060627927e+02 6.410660399999690708e+05
3.402180798767167289e+02 2.948080699999986100e+05
3.472328856473707219e+02 1.483981400000013818e+05
3.542476914180246581e+02 6.919477000000012049e+04
3.612624971886785943e+02 2.940839000000000306e+04
3.682773029593325305e+02 1.384852000000000953e+04
3.752921087299865235e+02 7.000920000000000982e+03
3.823069145006404597e+02 3.480629999999998745e+03
3.893217202712943958e+02 2.668889999999998963e+03
3.963365260419483889e+02 1.238389999999999873e+03
4.033513318126023250e+02 5.557400000000000091e+02
4.103661375832562612e+02 0.000000000000000000e+00
4.173809433539102542e+02 0.000000000000000000e+00
4.243957491245641904e+02 0.000000000000000000e+00
4.314105548952181266e+02 0.000000000000000000e+00
4.384253606658720628e+02 0.000000000000000000e+00
4.454401664365260558e+02 0.000000000000000000e+00
4.524549722071799920e+02 0.000000000000000000e+00
4.594697779778339282e+02 0.000000000000000000e+00
4.664845837484879212e+02 0.000000000000000000e+00
4.734993895191418574e+02 0.000000000000000000e+00
4.805141952897957935e+02 0.000000000000000000e+00
4.875290010604497297e+02 0.000000000000000000e+00
4.945438068311037227e+02 0.000000000000000000e+00
5.015586126017576589e+02 0.000000000000000000e+00
5.085734183724115951e+02 0.000000000000000000e+00
5.155882241430655313e+02 0.000000000000000000e+00
5.226030299137195243e+02 0.000000000000000000e+00
5.296178356843735173e+02 0.000000000000000000e+00
5.366326414550273967e+02 0.000000000000000000e+00
5.436474472256813897e+02 0.000000000000000000e+00
5.506622529963353827e+02 0.000000000000000000e+00
5.576770587669892620e+02 0.000000000000000000e+00
5.646918645376432551e+02 0.000000000000000000e+00
5.717066703082972481e+02 0.000000000000000000e+00
5.787214760789511274e+02 0.000000000000000000e+00
5.857362818496051204e+02 0.000000000000000000e+00
5.927510876202589998e+02 0.000000000000000000e+00
5.997658933909129928e+02 0.000000000000000000e+00
6.067806991615669858e+02 0.000000000000000000e+00
6.137955049322208652e+02 0.000000000000000000e+00
6.208103107028748582e+02 0.000000000000000000e+00
6.278251164735288512e+02 0.000000000000000000e+00
6.348399222441827305e+02 0.000000000000000000e+00
6.418547280148367236e+02 0.000000000000000000e+00
6.488695337854907166e+02 0.000000000000000000e+00
6.558843395561445959e+02 0.000000000000000000e+00
6.628991453267985889e+02 0.000000000000000000e+00
6.699139510974525820e+02 0.000000000000000000e+00
6.769287568681064613e+02 0.000000000000000000e+00
6.839435626387604543e+02 0.000000000000000000e+00
6.909583684094144473e+02 0.000000000000000000e+00
7.014805770653953232e+02 0.000000000000000000e+00
