# 	r			Protein
0.000000000000000000e+00 2.233845730000364594e+06
1.052220865598092914e+01 1.636928928997849301e+07
1.753701442663488308e+01 4.653124889003660530e+07
2.455182019728883347e+01 9.256890913986581564e+07
3.156662596794278741e+01 1.513344248894321620e+08
3.858143173859674135e+01 2.156006197974171937e+08
4.559623750925069174e+01 2.815341890956944823e+08
5.261104327990464924e+01 3.467296726873643994e+08
5.962584905055859963e+01 4.128318283201929331e+08
6.664065482121255002e+01 4.843157628324937224e+08
7.365546059186651462e+01 5.633568089911298752e+08
8.067026636252046501e+01 6.444191718820703030e+08
8.768507213317441540e+01 7.205619081900957823e+08
9.469987790382836579e+01 7.963946085486477613e+08
1.017146836744823304e+02 8.766338105775506496e+08
1.087294894451362808e+02 9.656037181875196695e+08
1.157442952157902312e+02 1.060105658020569921e+09
1.227591009864441816e+02 1.162258562354676485e+09
1.297739067570981319e+02 1.265519003465660810e+09
1.367887125277520681e+02 1.357540199627345562e+09
1.438035182984060327e+02 1.427214135565058708e+09
1.508183240690599689e+02 1.462204177741018534e+09
1.578331298397139335e+02 1.462196341793386698e+09
1.648479356103678981e+02 1.431742613505962849e+09
1.718627413810218343e+02 1.375368255132687092e+09
1.788775471516757989e+02 1.300580203917930603e+09
1.858923529223297351e+02 1.210914041554944038e+09
1.929071586929836997e+02 1.109104254260153055e+09
1.999219644636376643e+02 9.981272131163901091e+08
2.069367702342916004e+02 8.788152066153260469e+08
2.139515760049455650e+02 7.538202448422138691e+08
2.209663817755995012e+02 6.250134764175189734e+08
2.279811875462534658e+02 4.955393476818819642e+08
2.349959933169074304e+02 3.743051931295156479e+08
2.420107990875613666e+02 2.690766388766124845e+08
2.490256048582153312e+02 1.834602281674997807e+08
2.560404106288692674e+02 1.192286319991999120e+08
2.630552163995232604e+02 7.523363340992978215e+07
2.700700221701771966e+02 4.605583095001260191e+07
2.770848279408311896e+02 2.766445174997715279e+07
2.840996337114851258e+02 1.634962738998181745e+07
2.911144394821390620e+02 9.485397709996607155e+06
2.981292452527929981e+02 5.361825140001202002e+06
3.051440510234469912e+02 3.026946230001161806e+06
3.121588567941009273e+02 1.675609430000260007e+06
3.191736625647548635e+02 9.207572199998992728e+05
3.261884683354088565e+02 5.079844999999955180e+05
3.332032741060627927e+02 2.786937799999970593e+05
3.402180798767167289e+02 1.330125400000014924e+05
3.472328856473707219e+02 6.002302000000009139e+04
3.542476914180246581e+02 3.017550000000002183e+04
3.612624971886785943e+02 1.160514000000000851e+04
3.682773029593325305e+02 1.226319999999999936e+03
3.752921087299865235e+02 1.561999999999999886e+02
3.823069145006404597e+02 0.000000000000000000e+00
3.893217202712943958e+02 0.000000000000000000e+00
3.963365260419483889e+02 0.000000000000000000e+00
4.033513318126023250e+02 0.000000000000000000e+00
4.103661375832562612e+02 0.000000000000000000e+00
4.173809433539102542e+02 0.000000000000000000e+00
4.243957491245641904e+02 0.000000000000000000e+00
4.314105548952181266e+02 0.000000000000000000e+00
4.384253606658720628e+02 0.000000000000000000e+00
4.454401664365260558e+02 0.000000000000000000e+00
4.524549722071799920e+02 0.000000000000000000e+00
4.594697779778339282e+02 0.000000000000000000e+00
4.664845837484879212e+02 0.000000000000000000e+00
4.734993895191418574e+02 0.000000000000000000e+00
4.805141952897957935e+02 0.000000000000000000e+00
4.875290010604497297e+02 0.000000000000000000e+00
4.945438068311037227e+02 0.000000000000000000e+00
5.015586126017576589e+02 0.000000000000000000e+00
5.085734183724115951e+02 0.000000000000000000e+00
5.155882241430655313e+02 0.000000000000000000e+00
5.226030299137195243e+02 0.000000000000000000e+00
5.296178356843735173e+02 0.000000000000000000e+00
5.366326414550273967e+02 0.000000000000000000e+00
5.436474472256813897e+02 0.000000000000000000e+00
5.506622529963353827e+02 0.000000000000000000e+00
5.576770587669892620e+02 0.000000000000000000e+00
5.646918645376432551e+02 0.000000000000000000e+00
5.717066703082972481e+02 0.000000000000000000e+00
5.787214760789511274e+02 0.000000000000000000e+00
5.857362818496051204e+02 0.000000000000000000e+00
5.927510876202589998e+02 0.000000000000000000e+00
5.997658933909129928e+02 0.000000000000000000e+00
6.067806991615669858e+02 0.000000000000000000e+00
6.137955049322208652e+02 0.000000000000000000e+00
6.208103107028748582e+02 0.000000000000000000e+00
6.278251164735288512e+02 0.000000000000000000e+00
6.348399222441827305e+02 0.000000000000000000e+00
6.418547280148367236e+02 0.000000000000000000e+00
6.488695337854907166e+02 0.000000000000000000e+00
6.558843395561445959e+02 0.000000000000000000e+00
6.628991453267985889e+02 0.000000000000000000e+00
6.699139510974525820e+02 0.000000000000000000e+00
6.769287568681064613e+02 0.000000000000000000e+00
6.839435626387604543e+02 0.000000000000000000e+00
6.909583684094144473e+02 0.000000000000000000e+00
7.014805770653953232e+02 0.000000000000000000e+00
