# 	r			Protein
-2.500000000000000000e+03 0.000000000000000000e+00
-2.425000000000000000e+03 0.000000000000000000e+00
-2.375000000000000000e+03 0.000000000000000000e+00
-2.325000000000000000e+03 0.000000000000000000e+00
-2.275000000000000000e+03 0.000000000000000000e+00
-2.225000000000000000e+03 0.000000000000000000e+00
-2.175000000000000000e+03 0.000000000000000000e+00
-2.125000000000000000e+03 0.000000000000000000e+00
-2.075000000000000000e+03 0.000000000000000000e+00
-2.025000000000000000e+03 0.000000000000000000e+00
-1.975000000000000000e+03 0.000000000000000000e+00
-1.925000000000000000e+03 0.000000000000000000e+00
-1.875000000000000000e+03 0.000000000000000000e+00
-1.825000000000000000e+03 0.000000000000000000e+00
-1.775000000000000000e+03 0.000000000000000000e+00
-1.725000000000000000e+03 0.000000000000000000e+00
-1.675000000000000000e+03 0.000000000000000000e+00
-1.625000000000000000e+03 0.000000000000000000e+00
-1.575000000000000000e+03 0.000000000000000000e+00
-1.525000000000000000e+03 0.000000000000000000e+00
-1.475000000000000000e+03 0.000000000000000000e+00
-1.425000000000000000e+03 0.000000000000000000e+00
-1.375000000000000000e+03 0.000000000000000000e+00
-1.325000000000000000e+03 0.000000000000000000e+00
-1.275000000000000000e+03 0.000000000000000000e+00
-1.225000000000000000e+03 0.000000000000000000e+00
-1.175000000000000000e+03 0.000000000000000000e+00
-1.125000000000000000e+03 0.000000000000000000e+00
-1.075000000000000000e+03 0.000000000000000000e+00
-1.025000000000000000e+03 0.000000000000000000e+00
-9.750000000000000000e+02 0.000000000000000000e+00
-9.250000000000000000e+02 0.000000000000000000e+00
-8.750000000000000000e+02 0.000000000000000000e+00
-8.250000000000000000e+02 0.000000000000000000e+00
-7.750000000000000000e+02 0.000000000000000000e+00
-7.250000000000000000e+02 2.619284000000001834e+04
-6.750000000000000000e+02 4.091329999999955180e+05
-6.250000000000000000e+02 5.691950950001187623e+06
-5.750000000000000000e+02 4.960334417003951222e+07
-5.250000000000000000e+02 3.211315316080998778e+08
-4.750000000000000000e+02 1.216010147741764307e+09
-4.250000000000000000e+02 2.279130080146334648e+09
-3.750000000000000000e+02 2.729399831364710808e+09
-3.250000000000000000e+02 2.866980385833849907e+09
-2.750000000000000000e+02 2.913997673983888626e+09
-2.250000000000000000e+02 2.609672967573460102e+09
-1.750000000000000000e+02 2.545288696037517548e+09
-1.250000000000000000e+02 2.726515573052873135e+09
-7.500000000000000000e+01 2.542747085903376102e+09
-2.500000000000000000e+01 2.493092400493713856e+09
2.500000000000000000e+01 2.553468191108986855e+09
7.500000000000000000e+01 2.637797092201154709e+09
1.250000000000000000e+02 2.750970269720383644e+09
1.750000000000000000e+02 2.770815188119213581e+09
2.250000000000000000e+02 2.727661541325656414e+09
2.750000000000000000e+02 2.595733831053828716e+09
3.250000000000000000e+02 2.777612883677373409e+09
3.750000000000000000e+02 2.943988522893208981e+09
4.250000000000000000e+02 2.385572904366355896e+09
4.750000000000000000e+02 1.149358116531775475e+09
5.250000000000000000e+02 2.376869286287021339e+08
5.750000000000000000e+02 2.784522483997917175e+07
6.250000000000000000e+02 2.735608580000636168e+06
6.750000000000000000e+02 1.988150499999998719e+05
7.250000000000000000e+02 1.487433000000001266e+04
7.750000000000000000e+02 0.000000000000000000e+00
8.250000000000000000e+02 0.000000000000000000e+00
8.750000000000000000e+02 0.000000000000000000e+00
9.250000000000000000e+02 0.000000000000000000e+00
9.750000000000000000e+02 0.000000000000000000e+00
1.025000000000000000e+03 0.000000000000000000e+00
1.075000000000000000e+03 0.000000000000000000e+00
1.125000000000000000e+03 0.000000000000000000e+00
1.175000000000000000e+03 0.000000000000000000e+00
1.225000000000000000e+03 0.000000000000000000e+00
1.275000000000000000e+03 0.000000000000000000e+00
1.325000000000000000e+03 0.000000000000000000e+00
1.375000000000000000e+03 0.000000000000000000e+00
1.425000000000000000e+03 0.000000000000000000e+00
1.475000000000000000e+03 0.000000000000000000e+00
1.525000000000000000e+03 0.000000000000000000e+00
1.575000000000000000e+03 0.000000000000000000e+00
1.625000000000000000e+03 0.000000000000000000e+00
1.675000000000000000e+03 0.000000000000000000e+00
1.725000000000000000e+03 0.000000000000000000e+00
1.775000000000000000e+03 0.000000000000000000e+00
1.825000000000000000e+03 0.000000000000000000e+00
1.875000000000000000e+03 0.000000000000000000e+00
1.925000000000000000e+03 0.000000000000000000e+00
1.975000000000000000e+03 0.000000000000000000e+00
2.025000000000000000e+03 0.000000000000000000e+00
2.075000000000000000e+03 0.000000000000000000e+00
2.125000000000000000e+03 0.000000000000000000e+00
2.175000000000000000e+03 0.000000000000000000e+00
2.225000000000000000e+03 0.000000000000000000e+00
2.275000000000000000e+03 0.000000000000000000e+00
2.325000000000000000e+03 0.000000000000000000e+00
2.375000000000000000e+03 0.000000000000000000e+00
2.425000000000000000e+03 0.000000000000000000e+00
2.500000000000000000e+03 0.000000000000000000e+00
