# Fit to erf function with parameters: B=219.66374448459862 A=218.07078865439053 R=15.117137712970065 W=4.908850429802443 
0.000000000000000000e+00 2.768903044712958490e+02 4.372824698176789298e+02
1.052220865598092914e+00 3.134227555295417460e+02 4.368257779300383845e+02
1.753701442663488264e+00 3.715249823259692903e+02 4.363208597316361761e+02
2.455182019728883169e+00 4.323779340652486667e+02 4.355763256960396461e+02
3.156662596794278741e+00 4.740119176833268284e+02 4.345006175865544833e+02
3.858143173859674313e+00 4.941629975126872409e+02 4.329777901403387546e+02
4.559623750925068997e+00 4.958606760195590368e+02 4.308655011996156077e+02
5.261104327990464569e+00 4.899618927098494510e+02 4.279947051393808124e+02
5.962584905055860141e+00 4.817770208303540471e+02 4.241717627446929555e+02
6.664065482121254824e+00 4.702337614586368773e+02 4.191836119811312642e+02
7.365546059186651284e+00 4.556344743981177317e+02 4.128064448124976025e+02
8.067026636252046856e+00 4.389766172609739669e+02 4.048179960792062957e+02
8.768507213317441540e+00 4.223255958613705161e+02 3.950130879055656123e+02
9.469987790382836224e+00 4.024136415894357697e+02 3.832215339452005765e+02
1.017146836744823268e+01 3.765672445071872403e+02 3.693269676836862345e+02
1.087294894451362737e+01 3.453692149219946259e+02 3.532847136168452380e+02
1.157442952157902383e+01 3.127040588982591771e+02 3.351365688505326261e+02
1.227591009864441851e+01 2.824917369644201699e+02 3.150203879526760602e+02
1.297739067570981319e+01 2.566611918918728747e+02 2.931727099832756949e+02
1.367887125277520610e+01 2.355708083412163205e+02 2.699233234734880966e+02
1.438035182984060256e+01 2.183657279750458429e+02 2.456815622322240245e+02
1.508183240690599725e+01 2.029908064493801305e+02 2.209151382667820656e+02
1.578331298397139371e+01 1.883504600170863625e+02 1.961232903542358770e+02
1.648479356103678839e+01 1.731812667560194825e+02 1.718067963815010444e+02
1.718627413810218485e+01 1.571701201304657900e+02 1.484378314395822542e+02
1.788775471516758131e+01 1.401857708919779668e+02 1.264326751538979892e+02
1.858923529223297422e+01 1.224275180277613941e+02 1.061298770316917910e+02
1.929071586929837068e+01 1.042576116682412533e+02 8.777574754158598580e+01
1.999219644636376714e+01 8.701294003854484060e+01 7.151808369918001063e+01
2.069367702342916004e+01 7.136285136502377213e+01 5.740802121881941389e+01
2.139515760049455650e+01 5.807524817053989352e+01 4.540899011341892333e+01
2.209663817755994941e+01 4.713727180551048690e+01 3.541106541505502037e+01
2.279811875462534587e+01 3.816306492925199478e+01 2.724862586322063862e+01
2.349959933169074233e+01 3.064209018509457749e+01 2.071917703240779929e+01
2.420107990875613524e+01 2.423471917299382383e+01 1.560142206136760024e+01
2.490256048582153170e+01 1.888980612736245490e+01 1.167109339815846170e+01
2.560404106288692816e+01 1.448581385334041549e+01 8.713594073589661093e+00
2.630552163995232462e+01 1.088196168655887064e+01 6.533040121466200389e+00
2.700700221701772108e+01 7.940863030528406696e+00 4.957768653932959069e+00
2.770848279408311754e+01 5.529090046919650447e+00 3.842728891213653242e+00
2.840996337114851400e+01 3.651551783171241183e+00 3.069386761828951649e+00
2.911144394821390691e+01 2.268004062504243468e+00 2.543854549547234001e+00
2.981292452527929981e+01 1.349926572651153789e+00 2.193930850579192793e+00
3.051440510234469983e+01 7.667924316873773183e-01 1.965637267758069129e+00
3.121588567941009273e+01 4.261131007947823734e-01 1.819701962705039477e+00
3.191736625647548564e+01 2.302529273601867654e-01 1.728296249429064346e+00
3.261884683354088565e+01 1.197431880363523937e-01 1.672200157658750186e+00
3.332032741060628211e+01 6.046975811885398761e-02 1.638468464254202672e+00
3.402180798767167147e+01 3.239192681328462858e-02 1.618594251038501852e+00
3.472328856473707503e+01 1.554661526320223579e-02 1.607120960527055331e+00
3.542476914180246439e+01 7.841357625113634655e-03 1.600631146308415964e+00
3.612624971886786085e+01 4.028528226940629453e-03 1.597034292799975219e+00
3.682773029593325020e+01 1.889411104588477764e-03 1.595081035617482712e+00
3.752921087299865377e+01 6.615176427804367624e-04 1.594041732368083331e+00
3.823069145006404312e+01 2.598163882730663210e-04 1.593499892075641355e+00
3.893217202712943958e+01 6.935747252425182997e-05 1.593223104592738082e+00
3.963365260419483604e+01 4.994607324722081501e-05 1.593084566975846883e+00
4.033513318126023250e+01 3.948578243862966718e-05 1.593016625484381166e+00
4.103661375832562896e+01 2.414302528475283669e-05 1.592983978090785513e+00
4.173809433539102542e+01 1.526355559723281509e-05 1.592968606882465110e+00
4.243957491245642188e+01 3.267175416130448161e-06 1.592961515783713367e+00
4.314105548952181124e+01 0.000000000000000000e+00 1.592958310510397268e+00
4.384253606658720770e+01 0.000000000000000000e+00 1.592956890921527702e+00
4.454401664365260416e+01 0.000000000000000000e+00 1.592956274885551693e+00
4.524549722071800062e+01 0.000000000000000000e+00 1.592956012949372280e+00
4.594697779778338997e+01 0.000000000000000000e+00 1.592955903822740993e+00
4.664845837484879354e+01 0.000000000000000000e+00 1.592955859276372621e+00
4.734993895191418289e+01 0.000000000000000000e+00 1.592955841459172461e+00
4.805141952897957935e+01 0.000000000000000000e+00 1.592955834476668997e+00
4.875290010604497581e+01 0.000000000000000000e+00 1.592955831795478616e+00
4.945438068311037227e+01 0.000000000000000000e+00 1.592955830786678462e+00
5.015586126017576873e+01 0.000000000000000000e+00 1.592955830414808815e+00
5.085734183724115809e+01 0.000000000000000000e+00 1.592955830280487817e+00
5.155882241430655455e+01 0.000000000000000000e+00 1.592955830232938297e+00
5.226030299137195101e+01 0.000000000000000000e+00 1.592955830216453705e+00
5.296178356843735457e+01 0.000000000000000000e+00 1.592955830210854629e+00
5.366326414550273682e+01 0.000000000000000000e+00 1.592955830209007217e+00
5.436474472256814039e+01 0.000000000000000000e+00 1.592955830208381940e+00
5.506622529963353685e+01 0.000000000000000000e+00 1.592955830208182988e+00
5.576770587669892620e+01 0.000000000000000000e+00 1.592955830208126144e+00
5.646918645376432266e+01 0.000000000000000000e+00 1.592955830208097723e+00
5.717066703082972623e+01 0.000000000000000000e+00 1.592955830208097723e+00
5.787214760789511558e+01 0.000000000000000000e+00 1.592955830208097723e+00
5.857362818496051204e+01 0.000000000000000000e+00 1.592955830208097723e+00
5.927510876202590140e+01 0.000000000000000000e+00 1.592955830208097723e+00
5.997658933909129786e+01 0.000000000000000000e+00 1.592955830208097723e+00
6.067806991615670142e+01 0.000000000000000000e+00 1.592955830208097723e+00
6.137955049322208367e+01 0.000000000000000000e+00 1.592955830208097723e+00
6.208103107028748724e+01 0.000000000000000000e+00 1.592955830208097723e+00
6.278251164735288370e+01 0.000000000000000000e+00 1.592955830208097723e+00
6.348399222441827305e+01 0.000000000000000000e+00 1.592955830208097723e+00
6.418547280148366951e+01 0.000000000000000000e+00 1.592955830208097723e+00
6.488695337854906597e+01 0.000000000000000000e+00 1.592955830208097723e+00
6.558843395561446243e+01 0.000000000000000000e+00 1.592955830208097723e+00
6.628991453267985889e+01 0.000000000000000000e+00 1.592955830208097723e+00
6.699139510974525535e+01 0.000000000000000000e+00 1.592955830208097723e+00
6.769287568681065181e+01 0.000000000000000000e+00 1.592955830208097723e+00
6.839435626387604827e+01 0.000000000000000000e+00 1.592955830208097723e+00
6.909583684094144473e+01 0.000000000000000000e+00 1.592955830208097723e+00
7.014805770653953232e+01 0.000000000000000000e+00 1.592955830208097723e+00
