# Fit to erf function with parameters: B=190.60144673499565 A=-188.56744597730594 R=16.553052223614657 W=-2.9924286610013127 
0.000000000000000000e+00 1.577133146878471734e+02 3.791688867301511436e+02
1.052220865598092914e+00 1.775645344110513122e+02 3.791688508756586771e+02
1.753701442663488264e+00 2.191823786529918436e+02 3.791687495702569208e+02
2.455182019728883169e+00 2.779020226699395835e+02 3.791684282960937935e+02
3.156662596794278741e+00 3.444184051979194692e+02 3.791674636764596471e+02
3.858143173859674313e+00 4.048052306098069266e+02 3.791647216345237439e+02
4.559623750925068997e+00 4.447881561008627500e+02 3.791573420763387503e+02
5.261104327990464569e+00 4.670810935967386968e+02 3.791385391496018542e+02
5.962584905055860141e+00 4.753560845021031582e+02 3.790931805232498846e+02
6.664065482121254824e+00 4.693145862499440000e+02 3.789895866244622766e+02
7.365546059186651284e+00 4.553543096220811321e+02 3.787655862334615335e+02
8.067026636252046856e+00 4.407182565777389982e+02 3.783070178273191004e+02
8.768507213317441540e+00 4.316393191090211872e+02 3.774182247739649938e+02
9.469987790382836224e+00 4.277536782599619869e+02 3.757872819929997945e+02
1.017146836744823268e+01 4.244816680739449453e+02 3.729538114418060104e+02
1.087294894451362737e+01 4.161812310439258340e+02 3.682932213170116142e+02
1.157442952157902383e+01 3.995507589338241132e+02 3.610354105686283219e+02
1.227591009864441851e+01 3.726105051346140726e+02 3.503346868373391771e+02
1.297739067570981319e+01 3.393091766397214428e+02 3.353976766470432267e+02
1.367887125277520610e+01 3.052558241578711318e+02 3.156572100059043464e+02
1.438035182984060256e+01 2.726840629140296528e+02 2.909573478192156131e+02
1.508183240690599725e+01 2.415040522970604115e+02 2.616972915083345015e+02
1.578331298397139371e+01 2.110350458794174813e+02 2.288802521042798617e+02
1.648479356103678839e+01 1.807270464061969619e+02 1.940330975401824389e+02
1.718627413810218485e+01 1.514674643705784831e+02 1.589999657334141432e+02
1.788775471516758131e+01 1.248686215066134793e+02 1.256546890098400695e+02
1.858923529223297422e+01 1.014021042791419376e+02 9.560545675276500788e+01
1.929071586929837068e+01 8.129884485584850040e+01 6.996793366475675668e+01
1.999219644636376714e+01 6.431419484217265392e+01 4.925878323470558939e+01
2.069367702342916004e+01 5.030184155879980068e+01 3.342109068952083817e+01
2.139515760049455650e+01 3.905284987954332365e+01 2.195369549809191767e+01
2.209663817755994941e+01 3.015038196633492262e+01 1.409264283520204231e+01
2.279811875462534587e+01 2.326848337134188682e+01 8.990654486830777614e+00
2.349959933169074233e+01 1.805578410443003179e+01 5.855631033563099663e+00
2.420107990875613524e+01 1.416396356137512669e+01 4.031800785939964271e+00
2.490256048582153170e+01 1.116147329070192740e+01 3.027254378955490211e+00
2.560404106288692816e+01 8.789449597375421419e+00 2.503416115576243328e+00
2.630552163995232462e+01 6.924944604400318227e+00 2.244793990279418949e+00
2.700700221701772108e+01 5.428620775796028752e+00 2.123908278331953170e+00
2.770848279408311754e+01 4.207189632516952216e+00 2.070411864366377586e+00
2.840996337114851400e+01 3.243070682079451039e+00 2.047998125539749026e+00
2.911144394821390691e+01 2.456194981075789929e+00 2.039107273363214290e+00
2.981292452527929981e+01 1.808319606707589955e+00 2.035768311953830789e+00
3.051440510234469983e+01 1.272570660911114482e+00 2.034581128616025580e+00
3.121588567941009273e+01 8.518712346763344101e-01 2.034181495013456242e+00
3.191736625647548564e+01 5.469784140670654882e-01 2.034054131972197865e+00
3.261884683354088565e+01 3.390021732786530073e-01 2.034015702763497302e+00
3.332032741060628211e+01 2.048692973347945034e-01 2.034004724960851718e+00
3.402180798767167147e+01 1.197181617394300346e-01 2.034001755998531280e+00
3.472328856473707503e+01 6.465481097278932832e-02 2.034000995797299538e+00
3.542476914180246439e+01 3.554378245413596787e-02 2.034000811513891449e+00
3.612624971886786085e+01 1.868544989525194183e-02 2.034000769220028815e+00
3.682773029593325020e+01 9.567377152949268007e-03 2.034000760030323818e+00
3.752921087299865377e+01 5.187803217235924073e-03 2.034000758139910658e+00
3.823069145006404312e+01 2.381995445518795499e-03 2.034000757771764256e+00
3.893217202712943958e+01 1.171026984819783807e-03 2.034000757703893214e+00
3.963365260419483604e+01 5.621276381137221747e-04 2.034000757692041361e+00
4.033513318126023250e+01 2.276818942717437106e-04 2.034000757690080263e+00
4.103661375832562896e+01 5.701821055782808559e-05 2.034000757689767624e+00
4.173809433539102542e+01 8.399421262204302826e-05 2.034000757689710781e+00
4.243957491245642188e+01 4.058346415587132499e-05 2.034000757689710781e+00
4.314105548952181124e+01 1.384083534520513899e-05 2.034000757689710781e+00
4.384253606658720770e+01 1.247834953513648436e-05 2.034000757689710781e+00
4.454401664365260416e+01 8.419771259615358718e-06 2.034000757689710781e+00
4.524549722071800062e+01 0.000000000000000000e+00 2.034000757689710781e+00
4.594697779778338997e+01 0.000000000000000000e+00 2.034000757689710781e+00
4.664845837484879354e+01 0.000000000000000000e+00 2.034000757689710781e+00
4.734993895191418289e+01 0.000000000000000000e+00 2.034000757689710781e+00
4.805141952897957935e+01 0.000000000000000000e+00 2.034000757689710781e+00
4.875290010604497581e+01 0.000000000000000000e+00 2.034000757689710781e+00
4.945438068311037227e+01 0.000000000000000000e+00 2.034000757689710781e+00
5.015586126017576873e+01 0.000000000000000000e+00 2.034000757689710781e+00
5.085734183724115809e+01 0.000000000000000000e+00 2.034000757689710781e+00
5.155882241430655455e+01 0.000000000000000000e+00 2.034000757689710781e+00
5.226030299137195101e+01 0.000000000000000000e+00 2.034000757689710781e+00
5.296178356843735457e+01 0.000000000000000000e+00 2.034000757689710781e+00
5.366326414550273682e+01 0.000000000000000000e+00 2.034000757689710781e+00
5.436474472256814039e+01 0.000000000000000000e+00 2.034000757689710781e+00
5.506622529963353685e+01 0.000000000000000000e+00 2.034000757689710781e+00
5.576770587669892620e+01 0.000000000000000000e+00 2.034000757689710781e+00
5.646918645376432266e+01 0.000000000000000000e+00 2.034000757689710781e+00
5.717066703082972623e+01 0.000000000000000000e+00 2.034000757689710781e+00
5.787214760789511558e+01 0.000000000000000000e+00 2.034000757689710781e+00
5.857362818496051204e+01 0.000000000000000000e+00 2.034000757689710781e+00
5.927510876202590140e+01 0.000000000000000000e+00 2.034000757689710781e+00
5.997658933909129786e+01 0.000000000000000000e+00 2.034000757689710781e+00
6.067806991615670142e+01 0.000000000000000000e+00 2.034000757689710781e+00
6.137955049322208367e+01 0.000000000000000000e+00 2.034000757689710781e+00
6.208103107028748724e+01 0.000000000000000000e+00 2.034000757689710781e+00
6.278251164735288370e+01 0.000000000000000000e+00 2.034000757689710781e+00
6.348399222441827305e+01 0.000000000000000000e+00 2.034000757689710781e+00
6.418547280148366951e+01 0.000000000000000000e+00 2.034000757689710781e+00
6.488695337854906597e+01 0.000000000000000000e+00 2.034000757689710781e+00
6.558843395561446243e+01 0.000000000000000000e+00 2.034000757689710781e+00
6.628991453267985889e+01 0.000000000000000000e+00 2.034000757689710781e+00
6.699139510974525535e+01 0.000000000000000000e+00 2.034000757689710781e+00
6.769287568681065181e+01 0.000000000000000000e+00 2.034000757689710781e+00
6.839435626387604827e+01 0.000000000000000000e+00 2.034000757689710781e+00
6.909583684094144473e+01 0.000000000000000000e+00 2.034000757689710781e+00
7.014805770653953232e+01 0.000000000000000000e+00 2.034000757689710781e+00
