# Fit to erf function with parameters: B=343.236694912852 A=341.32429340926285 R=3.821964960728832 W=12.46256997478687 
0.000000000000000000e+00 3.864595992828420776e+02 4.254650024832377539e+02
1.052220865598092914e+00 3.912700999329824754e+02 4.032677362740471949e+02
1.753701442663488264e+00 3.861937240929966606e+02 3.882266561579543804e+02
2.455182019728883169e+00 3.780570617200471020e+02 3.730444522822627391e+02
3.156662596794278741e+00 3.667693281528190141e+02 3.577682628902612691e+02
3.858143173859674313e+00 3.551081567749202463e+02 3.424461143101927973e+02
4.559623750925068997e+00 3.413508335649210039e+02 3.271264684778578271e+02
5.261104327990464569e+00 3.284772566540688103e+02 3.118577635852192884e+02
5.962584905055860141e+00 3.132870487380636177e+02 2.966879551040458978e+02
6.664065482121254824e+00 2.963765872364540428e+02 2.816640644253456571e+02
7.365546059186651284e+00 2.778762434318836085e+02 2.668317421873045419e+02
8.067026636252046856e+00 2.592162382198476394e+02 2.522348530414183188e+02
8.768507213317441540e+00 2.406383880138213556e+02 2.379150881376103825e+02
9.469987790382836224e+00 2.229846076756195430e+02 2.239116110075401309e+02
1.017146836744823268e+01 2.064543909571015945e+02 2.102607418077890316e+02
1.087294894451362737e+01 1.907777879911719197e+02 1.969956840709601522e+02
1.157442952157902383e+01 1.756516244452866999e+02 1.841462972250893131e+02
1.227591009864441851e+01 1.610171613402605999e+02 1.717389172039221421e+02
1.297739067570981319e+01 1.467783973221722533e+02 1.597962265071757884e+02
1.367887125277520610e+01 1.333174248335151049e+02 1.483371741055625534e+02
1.438035182984060256e+01 1.212462808661469325e+02 1.373769446440743991e+02
1.508183240690599725e+01 1.106488667659114213e+02 1.269269755013590384e+02
1.578331298397139371e+01 1.018026537980759514e+02 1.169950194334169282e+02
1.648479356103678839e+01 9.466118961403881826e+01 1.075852497841567015e+02
1.718627413810218485e+01 8.887653375735182237e+01 9.869840459830643908e+01
1.788775471516758131e+01 8.365293474946444974e+01 9.033196543515555277e+01
1.858923529223297422e+01 7.878254574696755697e+01 8.248036626235875701e+01
1.929071586929837068e+01 7.431320237827073072e+01 7.513522751168619607e+01
1.999219644636376714e+01 7.042801158698736685e+01 6.828561020368499612e+01
2.069367702342916004e+01 6.678887180466438167e+01 6.191828499285304588e+01
2.139515760049455650e+01 6.315633248315386794e+01 5.601801104312511370e+01
2.209663817755994941e+01 5.975453665240009826e+01 5.056781980651203412e+01
2.279811875462534587e+01 5.636812174532190056e+01 4.554929903457184537e+01
2.349959933169074233e+01 5.275114880187514643e+01 4.094287269019935138e+01
2.420107990875613524e+01 4.886201514647631683e+01 3.672807283185704819e+01
2.490256048582153170e+01 4.490309146909964255e+01 3.288379999894101502e+01
2.560404106288692816e+01 4.093154433719215035e+01 2.938856912031263846e+01
2.630552163995232462e+01 3.711768888277212852e+01 2.622073848319394074e+01
2.700700221701772108e+01 3.343542692105523884e+01 2.335871982233510380e+01
2.770848279408311754e+01 2.983339336322824309e+01 2.078116810635066258e+01
2.840996337114851400e+01 2.627304740916412840e+01 1.846715009746856140e+01
2.911144394821390691e+01 2.287214381444066191e+01 1.639629123229320840e+01
2.981292452527929981e+01 1.967646995172271573e+01 1.454890080593605717e+01
3.051440510234469983e+01 1.685722090808917528e+01 1.290607583323907193e+01
3.121588567941009273e+01 1.441854601975271954e+01 1.144978430386447599e+01
3.191736625647548564e+01 1.233291817020827885e+01 1.016292883963501481e+01
3.261884683354088565e+01 1.062187120582274957e+01 9.029392001261840051e+00
3.332032741060628211e+01 9.191680982275677536e+00 8.034064677654839670e+00
3.402180798767167147e+01 8.006047710537451678e+00 7.162859125916725134e+00
3.472328856473707503e+01 7.032085785095781638e+00 6.402708316624796225e+00
3.542476914180246439e+01 6.219270486058555925e+00 5.741553280797006664e+00
3.612624971886786085e+01 5.558264854717139158e+00 5.168320156482252514e+00
3.682773029593325020e+01 5.036949080202804296e+00 4.672888599180112124e+00
3.752921087299865377e+01 4.605135192516473630e+00 4.246053156563107223e+00
3.823069145006404312e+01 4.219953568359327889e+00 3.879479119647498919e+00
3.893217202712943958e+01 3.900224465297701393e+00 3.565654254977630444e+00
3.963365260419483604e+01 3.621087940389997151e+00 3.297837700686045537e+00
4.033513318126023250e+01 3.370734465871065844e+00 3.070007178272305737e+00
4.103661375832562896e+01 3.021456276824951104e+00 2.876805535986704854e+00
4.173809433539102542e+01 2.600134674954821090e+00 2.713487502696636966e+00
4.243957491245642188e+01 2.171301564841873422e+00 2.575867396402088616e+00
4.314105548952181124e+01 1.768578879822264360e+00 2.460268401954635920e+00
4.384253606658720770e+01 1.389483738015488967e+00 2.363473910252196220e+00
4.454401664365260416e+01 1.051248591608101579e+00 2.282681297950034605e+00
4.524549722071800062e+01 7.607998900718508928e-01 2.215458423739562477e+00
4.594697779778338997e+01 5.303157628678817348e-01 2.159703025262558640e+00
4.664845837484879354e+01 3.551731626069741798e-01 2.113605120072065802e+00
4.734993895191418289e+01 2.331362138252576766e-01 2.075612444733963002e+00
4.805141952897957935e+01 1.517068212099127178e-01 2.044398907866479931e+00
4.875290010604497581e+01 9.412759405808644730e-02 2.018835985112048093e+00
4.945438068311037227e+01 5.682377945961780696e-02 1.997966946008943978e+00
5.015586126017576873e+01 3.209335025564777344e-02 1.980983773635216494e+00
5.085734183724115809e+01 1.656279688146067991e-02 1.967206616811608910e+00
5.155882241430655455e+01 8.734699272339416926e-03 1.956065600606734733e+00
5.226030299137195101e+01 4.523741931736230230e-03 1.947084812919456454e+00
5.296178356843735457e+01 2.105156515018305734e-03 1.939868282069483030e+00
5.366326414550273682e+01 9.178819353850604804e-04 1.934087761710372888e+00
5.436474472256814039e+01 4.494200248114450704e-04 1.929472144147666768e+00
5.506622529963353685e+01 1.428336808510895705e-04 1.925798330537361380e+00
5.576770587669892620e+01 4.397164563172529752e-05 1.922883395773396842e+00
5.646918645376432266e+01 1.337399452758573295e-06 1.920577896550753394e+00
5.717066703082972623e+01 0.000000000000000000e+00 1.918760182602056830e+00
5.787214760789511558e+01 0.000000000000000000e+00 1.917331583019006302e+00
5.857362818496051204e+01 0.000000000000000000e+00 1.916212351537240011e+00
5.927510876202590140e+01 0.000000000000000000e+00 1.915338266400738121e+00
5.997658933909129786e+01 0.000000000000000000e+00 1.914657791717161217e+00
6.067806991615670142e+01 0.000000000000000000e+00 1.914129717907712802e+00
6.137955049322208367e+01 0.000000000000000000e+00 1.913721208837102949e+00
6.208103107028748724e+01 0.000000000000000000e+00 1.913406192411912343e+00
6.278251164735288370e+01 0.000000000000000000e+00 1.913164039825176133e+00
6.348399222441827305e+01 0.000000000000000000e+00 1.912978486199165218e+00
6.418547280148366951e+01 0.000000000000000000e+00 1.912836752148962205e+00
6.488695337854906597e+01 0.000000000000000000e+00 1.912728831793060635e+00
6.558843395561446243e+01 0.000000000000000000e+00 1.912646918014672792e+00
6.628991453267985889e+01 0.000000000000000000e+00 1.912584940384192578e+00
6.699139510974525535e+01 0.000000000000000000e+00 1.912538195143895337e+00
6.769287568681065181e+01 0.000000000000000000e+00 1.912503050087593692e+00
6.839435626387604827e+01 0.000000000000000000e+00 1.912476710103476307e+00
6.909583684094144473e+01 0.000000000000000000e+00 1.912457031639576144e+00
7.014805770653953232e+01 0.000000000000000000e+00 1.912436530014986147e+00
