# Fit to erf function with parameters: B=911.9303458156137 A=917.3429973412323 R=-1.6243452997946388 W=13.656414418074483 
0.000000000000000000e+00 9.344530719712713562e+02 8.250762293225542408e+02
1.052220865598092914e+00 8.679508413512210154e+02 7.693893573996373334e+02
1.753701442663488264e+00 7.641331721473999323e+02 7.327089071702339425e+02
2.455182019728883169e+00 6.542386446346652065e+02 6.964914682035057467e+02
3.156662596794278741e+00 5.524861572241908334e+02 6.608254045866165143e+02
3.858143173859674313e+00 4.892826175655957286e+02 6.257948521232131043e+02
4.559623750925068997e+00 4.674336674111587513e+02 5.914791288429355518e+02
5.261104327990464569e+00 4.703345236887700480e+02 5.579522062878452289e+02
5.962584905055860141e+00 4.758684341306868646e+02 5.252822473054865213e+02
6.664065482121254824e+00 4.752418245670723422e+02 4.935312149226245992e+02
7.365546059186651284e+00 4.667796053973725066e+02 4.627545556598024064e+02
8.067026636252046856e+00 4.598562736979907868e+02 4.330009594012881848e+02
8.768507213317441540e+00 4.510238292939030202e+02 4.043121966844033182e+02
9.469987790382836224e+00 4.356270099068865420e+02 3.767230330426988303e+02
1.017146836744823268e+01 4.128148353050586934e+02 3.502612188537904103e+02
1.087294894451362737e+01 3.859628236807354256e+02 3.249475520278068643e+02
1.157442952157902383e+01 3.580211035441149647e+02 3.007960098469311561e+02
1.227591009864441851e+01 3.302785255071065649e+02 2.778139453481361443e+02
1.297739067570981319e+01 3.032687654110731614e+02 2.560023428444683304e+02
1.367887125277520610e+01 2.765509518884474573e+02 2.353561265162579730e+02
1.438035182984060256e+01 2.508500965736732553e+02 2.158645154799576176e+02
1.508183240690599725e+01 2.266140397944448068e+02 1.975114183629108311e+02
1.578331298397139371e+01 2.023802015880521594e+02 1.802758601776596379e+02
1.648479356103678839e+01 1.769887096795908121e+02 1.641324341964915448e+02
1.718627413810218485e+01 1.512722820680645270e+02 1.490517715698059646e+02
1.788775471516758131e+01 1.275159532889421712e+02 1.350010216017150242e+02
1.858923529223297422e+01 1.065878214890197313e+02 1.219443358819653440e+02
1.929071586929837068e+01 8.799361885522127125e+01 1.098433498615597728e+02
1.999219644636376714e+01 7.149610239167748205e+01 9.865765593581215853e+01
2.069367702342916004e+01 5.724027616890583658e+01 8.834526264724115663e+01
2.139515760049455650e+01 4.532247585905848553e+01 7.886303522552339018e+01
2.209663817755994941e+01 3.571908114645219712e+01 7.016711332629563458e+01
2.279811875462534587e+01 2.782165836880565024e+01 6.221330249891332187e+01
2.349959933169074233e+01 2.116739113859210164e+01 5.495743658996718750e+01
2.420107990875613524e+01 1.570814056683659388e+01 4.835570896012802677e+01
2.490256048582153170e+01 1.140924306096425234e+01 4.236497104370812394e+01
2.560404106288692816e+01 8.179952137904582088e+00 3.694299740168298740e+01
2.630552163995232462e+01 5.863910400687641022e+00 3.204871700002718171e+01
2.700700221701772108e+01 4.201246694926831005e+00 2.764241097800731950e+01
2.770848279408311754e+01 3.019012532294724327e+00 2.368587764936796702e+01
2.840996337114851400e+01 2.164845661456856085e+00 2.014256589870615244e+01
2.911144394821390691e+01 1.555810505932423871e+00 1.697767849312810995e+01
2.981292452527929981e+01 1.134652005632992511e+00 1.415824712448068112e+01
3.051440510234469983e+01 8.415519969434853698e-01 1.165318123056533750e+01
3.121588567941009273e+01 6.404886960176829902e-01 9.433292816584526008e+00
3.191736625647548564e+01 5.055289291431674936e-01 7.471299613655787653e+00
3.261884683354088565e+01 4.128188140364045244e-01 5.741808973468550903e+00
3.332032741060628211e+01 3.589286640969202580e-01 4.221284911796146844e+00
3.402180798767167147e+01 3.239333320892336943e-01 2.888000683819427650e+00
3.472328856473707503e+01 3.051789819510404289e-01 1.721979206737614732e+00
3.542476914180246439e+01 3.019801312473839872e-01 7.049235456880751372e-01
3.612624971886786085e+01 3.157536265773229767e-01 -1.798604465736843849e-01
3.682773029593325020e+01 3.328702803667463739e-01 -9.475473918137140572e-01
3.752921087299865377e+01 3.505614331867505928e-01 -1.611879766892684529e+00
3.823069145006404312e+01 3.750901122887775330e-01 -2.185257790360537911e+00
3.893217202712943958e+01 3.981419788090883038e-01 -2.678830378917041344e+00
3.963365260419483604e+01 4.151572738066545698e-01 -3.102585914973701620e+00
4.033513318126023250e+01 4.295950350966595277e-01 -3.465441741455720148e+00
4.103661375832562896e+01 4.387664420279027699e-01 -3.775331469308639498e+00
4.173809433539102542e+01 4.294577587698380494e-01 -4.039289344401026938e+00
4.243957491245642188e+01 3.979295686151354539e-01 -4.263531071637430614e+00
4.314105548952181124e+01 3.482332487652423647e-01 -4.453530633621539891e+00
4.384253606658720770e+01 2.911010947145932226e-01 -4.614092768110140241e+00
4.454401664365260416e+01 2.400339516026621101e-01 -4.749420882188474025e+00
4.524549722071800062e+01 1.941409510444207231e-01 -4.863180281338600253e+00
4.594697779778338997e+01 1.529466421968495304e-01 -4.958556678489912883e+00
4.664845837484879354e+01 1.150878654830840009e-01 -5.038310022097221008e+00
4.734993895191418289e+01 8.173783788924718352e-02 -5.104823743907331846e+00
4.805141952897957935e+01 5.469815697506314606e-02 -5.160149577109791608e+00
4.875290010604497581e+01 3.421848072267478363e-02 -5.206048134933666915e+00
4.945438068311037227e+01 1.970864639705715085e-02 -5.244025469435655396e+00
5.015586126017576873e+01 1.025386792579911950e-02 -5.275365851255173766e+00
5.085734183724115809e+01 5.024042074148846182e-03 -5.301161024545649525e+00
5.155882241430655455e+01 2.526045634086189571e-03 -5.322336198154857811e+00
5.226030299137195101e+01 1.294623994336799918e-03 -5.339673035427381365e+00
5.296178356843735457e+01 6.531191389097816460e-04 -5.353829901684548531e+00
5.366326414550273682e+01 2.937769555279559001e-04 -5.365359621373499976e+00
5.436474472256814039e+01 1.348382699061891944e-04 -5.374724986884757527e+00
5.506622529963353685e+01 1.805006138539111258e-05 -5.382312248824291601e+00
5.576770587669892620e+01 1.108500480754157162e-05 -5.388442803738712428e+00
5.646918645376432266e+01 0.000000000000000000e+00 -5.393383280483703857e+00
5.717066703082972623e+01 0.000000000000000000e+00 -5.397354211065476193e+00
5.787214760789511558e+01 0.000000000000000000e+00 -5.400537456271422343e+00
5.857362818496051204e+01 0.000000000000000000e+00 -5.403082541061621669e+00
5.927510876202590140e+01 0.000000000000000000e+00 -5.405112039775985977e+00
5.997658933909129786e+01 0.000000000000000000e+00 -5.406726136918450720e+00
6.067806991615670142e+01 0.000000000000000000e+00 -5.408006475756906184e+00
6.137955049322208367e+01 0.000000000000000000e+00 -5.409019394328879571e+00
6.208103107028748724e+01 0.000000000000000000e+00 -5.409818636721752227e+00
6.278251164735288370e+01 0.000000000000000000e+00 -5.410447616744249899e+00
6.348399222441827305e+01 0.000000000000000000e+00 -5.410941301315801866e+00
6.418547280148366951e+01 0.000000000000000000e+00 -5.411327772058257324e+00
6.488695337854906597e+01 0.000000000000000000e+00 -5.411629515646723121e+00
6.558843395561446243e+01 0.000000000000000000e+00 -5.411864486418380693e+00
6.628991453267985889e+01 0.000000000000000000e+00 -5.412046978488774585e+00
6.699139510974525535e+01 0.000000000000000000e+00 -5.412188339133422232e+00
6.769287568681065181e+01 0.000000000000000000e+00 -5.412297550388416312e+00
6.839435626387604827e+01 0.000000000000000000e+00 -5.412381701652179800e+00
6.909583684094144473e+01 0.000000000000000000e+00 -5.412446372454496668e+00
7.014805770653953232e+01 0.000000000000000000e+00 -5.412516165006081792e+00
