# Fit to erf function with parameters: B=256.49756255539165 A=255.51064867950777 R=13.438692407500403 W=5.7982374904850955 
0.000000000000000000e+00 5.445196423966469865e+02 5.067793058707265459e+02
1.052220865598092914e+00 5.276197072856160730e+02 5.036634305027293408e+02
1.753701442663488264e+00 5.065598925422765433e+02 5.007972257563963581e+02
2.455182019728883169e+00 4.868377034783035242e+02 4.971407414363625321e+02
3.156662596794278741e+00 4.772430074124914086e+02 4.925437746455120305e+02
3.858143173859674313e+00 4.735513048835489371e+02 4.868482968072382846e+02
4.559623750925068997e+00 4.679979844299519414e+02 4.798942098391596573e+02
5.261104327990464569e+00 4.571112610595372985e+02 4.715266038378202893e+02
5.962584905055860141e+00 4.451048335888796146e+02 4.616042780255047546e+02
6.664065482121254824e+00 4.344921993016072292e+02 4.500091138529119803e+02
7.365546059186651284e+00 4.250076176440094287e+02 4.366557254878579215e+02
8.067026636252046856e+00 4.173411469940307938e+02 4.215006808776772118e+02
8.768507213317441540e+00 4.069499072509854045e+02 4.045505084440808332e+02
9.469987790382836224e+00 3.931535570658628558e+02 3.858676989266454029e+02
1.017146836744823268e+01 3.762822382226748346e+02 3.655739905085297892e+02
1.087294894451362737e+01 3.569906154264642169e+02 3.438503897775068481e+02
1.157442952157902383e+01 3.350200655286548681e+02 3.209336214353753576e+02
1.227591009864441851e+01 3.095985373508251541e+02 2.971089947450426507e+02
1.297739067570981319e+01 2.814472125911385660e+02 2.726999939384546110e+02
1.367887125277520610e+01 2.524566218623469069e+02 2.480552070506386713e+02
1.438035182984060256e+01 2.236646288399831519e+02 2.235334660952568697e+02
1.508183240690599725e+01 1.962072009129820742e+02 1.994882490549478007e+02
1.578331298397139371e+01 1.707367560702680294e+02 1.762524682725972411e+02
1.648479356103678839e+01 1.474909464808441726e+02 1.541247309766861235e+02
1.718627413810218485e+01 1.264521018354676443e+02 1.333580108537587989e+02
1.788775471516758131e+01 1.078701425512661416e+02 1.141514335299571599e+02
1.858923529223297422e+01 9.135081775270120374e+01 9.664558310658787832e+01
1.929071586929837068e+01 7.669680708023687998e+01 8.092141740265054750e+01
1.999219644636376714e+01 6.374418805621338180e+01 6.700257321487049467e+01
2.069367702342916004e+01 5.265607530303750394e+01 5.486058250792237345e+01
2.139515760049455650e+01 4.325245979771313642e+01 4.442233046770550686e+01
2.209663817755994941e+01 3.519303107728528346e+01 3.557898033615924760e+01
2.279811875462534587e+01 2.854980483579748096e+01 2.819556978586996365e+01
2.349959933169074233e+01 2.316062391894800143e+01 2.212054058625452058e+01
2.420107990875613524e+01 1.874224525939272112e+01 1.719458066746011582e+01
2.490256048582153170e+01 1.519782508382163044e+01 1.325831386376430032e+01
2.560404106288692816e+01 1.232541337769404954e+01 1.015854487782669935e+01
2.630552163995232462e+01 1.007715932812403992e+01 7.752934579215235544e+00
2.700700221701772108e+01 8.286398642538307158e+00 5.913127177808860324e+00
2.770848279408311754e+01 6.902418458973015980e+00 4.526465263083053969e+00
2.840996337114851400e+01 5.831624371353218095e+00 3.496506234251398837e+00
2.911144394821390691e+01 5.011422620906714975e+00 2.742594604697558225e+00
2.981292452527929981e+01 4.390247830893497571e+00 2.198753455706452087e+00
3.051440510234469983e+01 3.894531837790872419e+00 1.812141916859900448e+00
3.121588567941009273e+01 3.471856302935586225e+00 1.541292016552034738e+00
3.191736625647548564e+01 3.087962634853163912e+00 1.354295435859967256e+00
3.261884683354088565e+01 2.749609328769170968e+00 1.227065366602460017e+00
3.332032741060628211e+01 2.446727533978532154e+00 1.141755950306503564e+00
3.402180798767167147e+01 2.187895751311689896e+00 1.085385009712354076e+00
3.472328856473707503e+01 1.984024249755640401e+00 1.048676674246365792e+00
3.542476914180246439e+01 1.817823461034816956e+00 1.025119391361528187e+00
3.612624971886786085e+01 1.704189978883573486e+00 1.010221088723454841e+00
3.682773029593325020e+01 1.624747424060658529e+00 1.000935713213863210e+00
3.752921087299865377e+01 1.593996121809782673e+00 9.952325837459738977e-01
3.823069145006404312e+01 1.589974901140524199e+00 9.917805259073873003e-01
3.893217202712943958e+01 1.621162573390719341e+00 9.897213475504145208e-01
3.963365260419483604e+01 1.683901159350902788e+00 9.885108583230532986e-01
4.033513318126023250e+01 1.749319379438115885e+00 9.878095985133938939e-01
4.103661375832562896e+01 1.730459943046909421e+00 9.874092409653201230e-01
4.173809433539102542e+01 1.684207199290644885e+00 9.871839892346088163e-01
4.243957491245642188e+01 1.619866153845186396e+00 9.870590958915670399e-01
4.314105548952181124e+01 1.557428043743326995e+00 9.869908523627373143e-01
4.384253606658720770e+01 1.484181537710631771e+00 9.869541042799028219e-01
4.454401664365260416e+01 1.403005302975857127e+00 9.869346031886152559e-01
4.524549722071800062e+01 1.310606307786028601e+00 9.869244047389997831e-01
4.594697779778338997e+01 1.225033448401840586e+00 9.869191486779698153e-01
4.664845837484879354e+01 1.150558666095550686e+00 9.869164791305706785e-01
4.734993895191418289e+01 1.060381787907426210e+00 9.869151429477653892e-01
4.805141952897957935e+01 9.684800274400698905e-01 9.869144838572481149e-01
4.875290010604497581e+01 8.725730134439723118e-01 9.869141634699474253e-01
4.945438068311037227e+01 7.755289109368630474e-01 9.869140099883111361e-01
5.015586126017576873e+01 6.818109207059642740e-01 9.869139375299482708e-01
5.085734183724115809e+01 5.929903326375567385e-01 9.869139038189871371e-01
5.155882241430655455e+01 5.120095587555743011e-01 9.869138883626646930e-01
5.226030299137195101e+01 4.405921950904235218e-01 9.869138813788822517e-01
5.296178356843735457e+01 3.720939484102023243e-01 9.869138782691209144e-01
5.366326414550273682e+01 3.121090966355825058e-01 9.869138769044809578e-01
5.436474472256814039e+01 2.579048640275836135e-01 9.869138763143610049e-01
5.506622529963353685e+01 2.104918077625773098e-01 9.869138760628572982e-01
5.576770587669892620e+01 1.688934248922845383e-01 9.869138759572422259e-01
5.646918645376432266e+01 1.372455453458996943e-01 9.869138759135296368e-01
5.717066703082972623e+01 1.092894397991779343e-01 9.869138758956808033e-01
5.787214760789511558e+01 8.566160194917440962e-02 9.869138758885185325e-01
5.857362818496051204e+01 6.624643188953861783e-02 9.869138758856763616e-01
5.927510876202590140e+01 5.074856170573140840e-02 9.869138758845679149e-01
5.997658933909129786e+01 3.820694791272145202e-02 9.869138758841415893e-01
6.067806991615670142e+01 2.806999305232981204e-02 9.869138758839710590e-01
6.137955049322208367e+01 1.965353957492797093e-02 9.869138758839142156e-01
6.208103107028748724e+01 1.377111249609269152e-02 9.869138758838857939e-01
6.278251164735288370e+01 9.744465678129407560e-03 9.869138758838857939e-01
6.348399222441827305e+01 7.244753650252120855e-03 9.869138758838857939e-01
6.418547280148366951e+01 5.026580843612056190e-03 9.869138758838857939e-01
6.488695337854906597e+01 3.116832304841060317e-03 9.869138758838857939e-01
6.558843395561446243e+01 1.652345726094270372e-03 9.869138758838857939e-01
6.628991453267985889e+01 8.166906170690075607e-04 9.869138758838857939e-01
6.699139510974525535e+01 2.924159652161689520e-04 9.869138758838857939e-01
6.769287568681065181e+01 7.241333107514879512e-05 9.869138758838857939e-01
6.839435626387604827e+01 7.450136482422035043e-06 9.869138758838857939e-01
6.909583684094144473e+01 5.608972204109332438e-07 9.869138758838857939e-01
7.014805770653953232e+01 0.000000000000000000e+00 9.869138758838857939e-01
