# Fit to erf function with parameters: B=198.63924435993448 A=197.41770241850904 R=15.33832493806714 W=5.578254773451854 
0.000000000000000000e+00 3.722107349265087350e+02 3.948792229040705024e+02
1.052220865598092914e+00 3.765224761142214902e+02 3.939966772707669520e+02
1.753701442663488264e+00 3.829570698055867979e+02 3.931193343494830970e+02
2.455182019728883169e+00 3.890421401904992535e+02 3.919281081429841151e+02
3.156662596794278741e+00 3.954950115268319450e+02 3.903360450038867384e+02
3.858143173859674313e+00 3.990822405801740160e+02 3.882416069262971519e+02
4.559623750925068997e+00 3.994630494067214954e+02 3.855294428709877366e+02
5.261104327990464569e+00 3.950552538043209552e+02 3.820723934831192992e+02
5.962584905055860141e+00 3.862646713728619829e+02 3.777349241967286275e+02
6.664065482121254824e+00 3.748929989530668649e+02 3.723780870334359179e+02
7.365546059186651284e+00 3.632944805807375701e+02 3.658659776906590650e+02
8.067026636252046856e+00 3.537485712145025900e+02 3.580734898601017449e+02
8.768507213317441540e+00 3.472541570683297323e+02 3.488949881429207380e+02
9.469987790382836224e+00 3.421178204168389243e+02 3.382533455501138633e+02
1.017146836744823268e+01 3.361689005213290784e+02 3.261086464093810946e+02
1.087294894451362737e+01 3.252624278426166597e+02 3.124657660443545524e+02
1.157442952157902383e+01 3.076459883455201521e+02 2.973800266446970681e+02
1.227591009864441851e+01 2.849483301408154148e+02 2.809602081122830555e+02
1.297739067570981319e+01 2.594245324808870237e+02 2.633683656259080976e+02
1.367887125277520610e+01 2.353373099941541398e+02 2.448161609820281228e+02
1.438035182984060256e+01 2.143428476757472367e+02 2.255577278855887755e+02
1.508183240690599725e+01 1.958519459130866665e+02 2.058794269802285157e+02
1.578331298397139371e+01 1.781144175046482303e+02 1.860871631920003608e+02
1.648479356103678839e+01 1.607381837270697531e+02 1.664921947073000581e+02
1.718627413810218485e+01 1.433060899880635191e+02 1.473965250343497928e+02
1.788775471516758131e+01 1.265763921189960541e+02 1.290790148187680302e+02
1.858923529223297422e+01 1.107900504986138230e+02 1.117832721237864320e+02
1.929071586929837068e+01 9.633912652274162269e+01 9.570818954515526400e+01
1.999219644636376714e+01 8.326254821286434549e+01 8.100171986515013600e+01
2.069367702342916004e+01 7.150036785981104970e+01 6.775815593294635164e+01
2.139515760049455650e+01 6.078759503625915528e+01 5.601884697634898203e+01
2.209663817755994941e+01 5.123878585657318041e+01 4.577598287383065667e+01
2.279811875462534587e+01 4.299838988993563049e+01 3.697884284522316989e+01
2.349959933169074233e+01 3.596394658044631143e+01 2.954175668459481585e+01
2.420107990875613524e+01 2.980338298340587500e+01 2.335297258306889034e+01
2.490256048582153170e+01 2.448743300388759536e+01 1.828366012541309260e+01
2.560404106288692816e+01 1.995342157256517979e+01 1.419638384475291559e+01
2.630552163995232462e+01 1.615120745263374147e+01 1.095253856148684690e+01
2.700700221701772108e+01 1.308955728288426990e+01 8.418416854969450469e+00
2.770848279408311754e+01 1.061264153292115253e+01 6.469757163051070847e+00
2.840996337114851400e+01 8.632363621726073077e+00 4.994778536561227611e+00
2.911144394821390691e+01 6.992156900010917830e+00 3.895831807310315753e+00
2.981292452527929981e+01 5.703445096737118192e+00 3.089880621393746196e+00
3.051440510234469983e+01 4.650318175877376170e+00 2.508069502969959785e+00
3.121588567941009273e+01 3.808809247577282342e+00 2.094644756008705144e+00
3.191736625647548564e+01 3.156310165507886456e+00 1.805475516721315898e+00
3.261884683354088565e+01 2.633857526668992310e+00 1.606385775991014953e+00
3.332032741060628211e+01 2.209828183602275509e+00 1.471462514891754836e+00
3.402180798767167147e+01 1.847202995183167662e+00 1.381457660720172953e+00
3.472328856473707503e+01 1.521484699627555504e+00 1.322357837148928184e+00
3.542476914180246439e+01 1.236111256810562997e+00 1.284159225451531938e+00
3.612624971886786085e+01 9.894786570295482919e-01 1.259856772534021729e+00
3.682773029593325020e+01 7.798257015683474069e-01 1.244637504274606954e+00
3.752921087299865377e+01 5.952250843451415419e-01 1.235255868730632756e+00
3.823069145006404312e+01 4.423066333517275406e-01 1.229563350109401654e+00
3.893217202712943958e+01 3.241067351364670945e-01 1.226163408392437759e+00
3.963365260419483604e+01 2.342200280473540064e-01 1.224164561233010318e+00
4.033513318126023250e+01 1.649083997784078492e-01 1.223007839760214210e+00
4.103661375832562896e+01 1.123577553595925260e-01 1.222348940385074911e+00
4.173809433539102542e+01 6.900432623391007658e-02 1.221979494806447519e+00
4.243957491245642188e+01 4.023444155331815097e-02 1.221775592131592703e+00
4.314105548952181124e+01 2.334336624114565634e-02 1.221664818489244908e+00
4.384253606658720770e+01 1.315099974222093578e-02 1.221605581769154014e+00
4.454401664365260416e+01 7.827527833959561920e-03 1.221574401014748901e+00
4.524549722071800062e+01 4.313525107488222661e-03 1.221558245408147059e+00
4.594697779778338997e+01 2.130018085639472092e-03 1.221550005906408387e+00
4.664845837484879354e+01 9.770181925396791492e-04 1.221545869533855466e+00
4.734993895191418289e+01 4.450818005029578148e-04 1.221543825541061778e+00
4.805141952897957935e+01 1.497459786739860192e-04 1.221542831326615897e+00
4.875290010604497581e+01 8.764039504781421196e-05 1.221542355310390349e+00
4.945438068311037227e+01 2.476723223876074238e-05 1.221542130971556617e+00
5.015586126017576873e+01 4.002608475493028179e-06 1.221542026900948485e+00
5.085734183724115809e+01 0.000000000000000000e+00 1.221541979379168197e+00
5.155882241430655455e+01 0.000000000000000000e+00 1.221541958019315643e+00
5.226030299137195101e+01 0.000000000000000000e+00 1.221541948569040414e+00
5.296178356843735457e+01 0.000000000000000000e+00 1.221541944453434780e+00
5.366326414550273682e+01 0.000000000000000000e+00 1.221541942689185589e+00
5.436474472256814039e+01 0.000000000000000000e+00 1.221541941944764176e+00
5.506622529963353685e+01 0.000000000000000000e+00 1.221541941635564399e+00
5.576770587669892620e+01 0.000000000000000000e+00 1.221541941509144635e+00
5.646918645376432266e+01 0.000000000000000000e+00 1.221541941458269775e+00
5.717066703082972623e+01 0.000000000000000000e+00 1.221541941438118783e+00
5.787214760789511558e+01 0.000000000000000000e+00 1.221541941430274392e+00
5.857362818496051204e+01 0.000000000000000000e+00 1.221541941427233269e+00
5.927510876202590140e+01 0.000000000000000000e+00 1.221541941426096400e+00
5.997658933909129786e+01 0.000000000000000000e+00 1.221541941425670075e+00
6.067806991615670142e+01 0.000000000000000000e+00 1.221541941425527966e+00
6.137955049322208367e+01 0.000000000000000000e+00 1.221541941425471123e+00
6.208103107028748724e+01 0.000000000000000000e+00 1.221541941425442701e+00
6.278251164735288370e+01 0.000000000000000000e+00 1.221541941425442701e+00
6.348399222441827305e+01 0.000000000000000000e+00 1.221541941425442701e+00
6.418547280148366951e+01 0.000000000000000000e+00 1.221541941425442701e+00
6.488695337854906597e+01 0.000000000000000000e+00 1.221541941425442701e+00
6.558843395561446243e+01 0.000000000000000000e+00 1.221541941425442701e+00
6.628991453267985889e+01 0.000000000000000000e+00 1.221541941425442701e+00
6.699139510974525535e+01 0.000000000000000000e+00 1.221541941425442701e+00
6.769287568681065181e+01 0.000000000000000000e+00 1.221541941425442701e+00
6.839435626387604827e+01 0.000000000000000000e+00 1.221541941425442701e+00
6.909583684094144473e+01 0.000000000000000000e+00 1.221541941425442701e+00
7.014805770653953232e+01 0.000000000000000000e+00 1.221541941425442701e+00
