# Fit to erf function with parameters: B=399.16481028274893 A=398.113641560956 R=8.741015928184408 W=8.291821622968504 
0.000000000000000000e+00 6.678493871306721985e+02 6.811074425203935334e+02
1.052220865598092914e+00 6.561078547880906626e+02 6.564322109159072625e+02
1.753701442663488264e+00 6.430269286957953909e+02 6.382678889804132041e+02
2.455182019728883169e+00 6.265179604292441127e+02 6.187621952410460153e+02
3.156662596794278741e+00 6.010212432700503769e+02 5.979653616788644968e+02
3.858143173859674313e+00 5.727628825969142099e+02 5.759499588726752108e+02
4.559623750925068997e+00 5.456810648037817373e+02 5.528106885067725216e+02
5.261104327990464569e+00 5.212494210247976980e+02 5.286635157097255160e+02
5.962584905055860141e+00 4.979667253228592472e+02 5.036441368109927907e+02
6.664065482121254824e+00 4.778104482260250165e+02 4.779058068932651508e+02
7.365546059186651284e+00 4.557562766127554141e+02 4.516165804274708080e+02
8.067026636252046856e+00 4.298082861451277381e+02 4.249560456366046424e+02
8.768507213317441540e+00 4.014502755947448804e+02 3.981116574107501833e+02
9.469987790382836224e+00 3.742571825934358571e+02 3.712747931088457563e+02
1.017146836744823268e+01 3.490339143554161296e+02 3.446366692164825736e+02
1.087294894451362737e+01 3.231221511937897617e+02 3.183842637229586217e+02
1.157442952157902383e+01 2.970475948592948612e+02 2.926963887968281028e+02
1.227591009864441851e+01 2.700452636837775913e+02 2.677400508953762710e+02
1.297739067570981319e+01 2.431642920007764133e+02 2.436672213126846316e+02
1.367887125277520610e+01 2.170559984818964381e+02 2.206121202442915887e+02
1.438035182984060256e+01 1.936355674955717063e+02 1.986890929645850576e+02
1.508183240690599725e+01 1.731082667266603607e+02 1.779911291721812461e+02
1.578331298397139371e+01 1.549901541059647343e+02 1.585890475988697403e+02
1.648479356103678839e+01 1.380426031325382041e+02 1.405313392646561965e+02
1.718627413810218485e+01 1.215417768336730262e+02 1.238446358693650495e+02
1.788775471516758131e+01 1.054656868387490647e+02 1.085347461194712650e+02
1.858923529223297422e+01 9.063969794694133952e+01 9.458818339765019800e+01
1.929071586929837068e+01 7.741076453559116999e+01 8.197409385547211969e+01
1.999219644636376714e+01 6.606509547043228281e+01 7.064648514449373806e+01
2.069367702342916004e+01 5.689659582448478403e+01 6.054665263037594514e+01
2.139515760049455650e+01 4.990831254360653446e+01 5.160570175387249492e+01
2.209663817755994941e+01 4.462878303188146134e+01 4.374707161990409077e+01
2.279811875462534587e+01 4.060220040789635476e+01 3.688897509988839829e+01
2.349959933169074233e+01 3.706246347670279562e+01 3.094668376821022093e+01
2.420107990875613524e+01 3.353221200448946604e+01 2.583460084232154941e+01
2.490256048582153170e+01 2.975476398410614465e+01 2.146808094962051428e+01
2.560404106288692816e+01 2.581175729327483737e+01 1.776497107167324430e+01
2.630552163995232462e+01 2.198531640064741666e+01 1.464686161456700120e+01
2.700700221701772108e+01 1.845797459951439379e+01 1.204004958448007301e+01
2.770848279408311754e+01 1.539076789574579607e+01 9.876226854443757475e+00
2.840996337114851400e+01 1.277415234852362502e+01 8.092915222778231055e+00
2.911144394821390691e+01 1.055710320354344489e+01 6.633676292638540417e+00
2.981292452527929981e+01 8.769645354174970819e+00 5.448128206612295799e+00
3.051440510234469983e+01 7.255530133496002065e+00 4.491803136597980028e+00
3.121588567941009273e+01 6.013677561511395986e+00 3.725879435485353497e+00
3.191736625647548564e+01 4.974369734530010412e+00 3.116820839686454292e+00
3.261884683354088565e+01 4.068934223797919358e+00 2.635952432558212877e+00
3.332032741060628211e+01 3.277665223001882566e+00 2.258999598462196445e+00
3.402180798767167147e+01 2.599328666818083278e+00 1.965612251371055663e+00
3.472328856473707503e+01 2.010375736167706151e+00 1.738892505356375295e+00
3.542476914180246439e+01 1.509614454352204094e+00 1.564939910560212866e+00
3.612624971886786085e+01 1.088275941277577763e+00 1.432424595116970067e+00
3.682773029593325020e+01 7.582042089498293169e-01 1.332195263084940962e+00
3.752921087299865377e+01 5.075945141566027274e-01 1.256926081303163301e+00
3.823069145006404312e+01 3.274321847669137142e-01 1.200804079773604371e+00
3.893217202712943958e+01 2.058120695531280853e-01 1.159256789486732941e+00
3.963365260419483604e+01 1.264257909336189978e-01 1.128718419396818717e+00
4.033513318126023250e+01 7.897563988784309097e-02 1.106431881943535700e+00
4.103661375832562896e+01 4.269766660974411154e-02 1.090283353943334532e+00
4.173809433539102542e+01 2.000240271007883847e-02 1.078665741692020674e+00
4.243957491245642188e+01 8.255364765970014257e-03 1.070367340854659233e+00
4.314105548952181124e+01 3.556794293240642980e-03 1.064482082474853541e+00
4.384253606658720770e+01 1.515130776822759279e-03 1.060337982214718977e+00
4.454401664365260416e+01 4.570372217100630505e-04 1.057440714900167222e+00
4.524549722071800062e+01 1.662477763363005932e-04 1.055429583378838743e+00
4.594697779778338997e+01 7.042780219816170695e-05 1.054043510801250250e+00
4.664845837484879354e+01 3.602114627250153656e-05 1.053095037605885409e+00
4.734993895191418289e+01 1.495349321742469334e-05 1.052450634323577106e+00
4.805141952897957935e+01 5.571220160501971616e-06 1.052015939952127610e+00
4.875290010604497581e+01 4.507799075758075421e-06 1.051724798609654954e+00
4.945438068311037227e+01 0.000000000000000000e+00 1.051531193268772313e+00
5.015586126017576873e+01 0.000000000000000000e+00 1.051403365744818075e+00
5.085734183724115809e+01 0.000000000000000000e+00 1.051319569412953570e+00
5.155882241430655455e+01 0.000000000000000000e+00 1.051265028898683340e+00
5.226030299137195101e+01 0.000000000000000000e+00 1.051229783126018447e+00
5.296178356843735457e+01 0.000000000000000000e+00 1.051207168550945426e+00
5.366326414550273682e+01 0.000000000000000000e+00 1.051192761887477900e+00
5.436474472256814039e+01 0.000000000000000000e+00 1.051183649504139339e+00
5.506622529963353685e+01 0.000000000000000000e+00 1.051177926894354187e+00
5.576770587669892620e+01 0.000000000000000000e+00 1.051174358688740540e+00
5.646918645376432266e+01 0.000000000000000000e+00 1.051172149671060652e+00
5.717066703082972623e+01 0.000000000000000000e+00 1.051170791851404829e+00
5.787214760789511558e+01 0.000000000000000000e+00 1.051169963187135181e+00
5.857362818496051204e+01 0.000000000000000000e+00 1.051169461065796895e+00
5.927510876202590140e+01 0.000000000000000000e+00 1.051169158978609630e+00
5.997658933909129786e+01 0.000000000000000000e+00 1.051168978531677567e+00
6.067806991615670142e+01 0.000000000000000000e+00 1.051168871512800251e+00
6.137955049322208367e+01 0.000000000000000000e+00 1.051168808494821860e+00
6.208103107028748724e+01 0.000000000000000000e+00 1.051168771651134648e+00
6.278251164735288370e+01 0.000000000000000000e+00 1.051168750263911988e+00
6.348399222441827305e+01 0.000000000000000000e+00 1.051168737937473452e+00
6.418547280148366951e+01 0.000000000000000000e+00 1.051168730883716762e+00
6.488695337854906597e+01 0.000000000000000000e+00 1.051168726876085202e+00
6.558843395561446243e+01 0.000000000000000000e+00 1.051168724615251904e+00
6.628991453267985889e+01 0.000000000000000000e+00 1.051168723349064749e+00
6.699139510974525535e+01 0.000000000000000000e+00 1.051168722644888476e+00
6.769287568681065181e+01 0.000000000000000000e+00 1.051168722256136334e+00
6.839435626387604827e+01 0.000000000000000000e+00 1.051168722042973513e+00
6.909583684094144473e+01 0.000000000000000000e+00 1.051168721926956096e+00
7.014805770653953232e+01 0.000000000000000000e+00 1.051168721844874199e+00
