# Fit to erf function with parameters: B=309.19682383516823 A=311.7867505845069 R=11.449036258094305 W=8.533871329430424 
0.000000000000000000e+00 5.130816608587643941e+02 5.649474088540923731e+02
1.052220865598092914e+00 5.371123006893956244e+02 5.514208349227521921e+02
1.753701442663488264e+00 5.625024555941971585e+02 5.411928119988752997e+02
2.455182019728883169e+00 5.746411683249174303e+02 5.299641939243614388e+02
3.156662596794278741e+00 5.698246208731164870e+02 5.177200577492282036e+02
3.858143173859674313e+00 5.441791867218175867e+02 5.044584183296596507e+02
4.559623750925068997e+00 5.091675716325461849e+02 4.901913906659949589e+02
5.261104327990464569e+00 4.712350871105871875e+02 4.749460541565725862e+02
5.962584905055860141e+00 4.369651020290013435e+02 4.587649650179436094e+02
6.664065482121254824e+00 4.104805918033245007e+02 4.417062737412584283e+02
7.365546059186651284e+00 3.909208807455093506e+02 4.238434179309006140e+02
8.067026636252046856e+00 3.728303514768805940e+02 4.052643766542038293e+02
8.768507213317441540e+00 3.528838408160387417e+02 3.860704897911783746e+02
9.469987790382836224e+00 3.344061836022503940e+02 3.663748639419436017e+02
1.017146836744823268e+01 3.190965965784270679e+02 3.463004042708723773e+02
1.087294894451362737e+01 3.076075418955429086e+02 3.259775282578994506e+02
1.157442952157902383e+01 2.980302934951268412e+02 3.055416317461443327e+02
1.227591009864441851e+01 2.904828905339891776e+02 2.851303890828680778e+02
1.297739067570981319e+01 2.830293943518536253e+02 2.648809768738942125e+02
1.367887125277520610e+01 2.732752932294140464e+02 2.449273144487924299e+02
1.438035182984060256e+01 2.599605016961304500e+02 2.253974133504320321e+02
1.508183240690599725e+01 2.421390721522911917e+02 2.064109230651264397e+02
1.578331298397139371e+01 2.210961772697652918e+02 1.880769511042286695e+02
1.648479356103678839e+01 1.984612659778474892e+02 1.704922229766759472e+02
1.718627413810218485e+01 1.754036384914134032e+02 1.537396322934510806e+02
1.788775471516758131e+01 1.531133943875330203e+02 1.378872141020318338e+02
1.858923529223297422e+01 1.320024810919432525e+02 1.229875565262744317e+02
1.929071586929837068e+01 1.122719303685466201e+02 1.090776478652756794e+02
1.999219644636376714e+01 9.407271577779675908e+01 9.617913941506702713e+01
2.069367702342916004e+01 7.730792308517852973e+01 8.429898924367657287e+01
2.139515760049455650e+01 6.203564112229801708e+01 7.343043964219350528e+01
2.209663817755994941e+01 4.822184930666402636e+01 6.355427147187501191e+01
2.279811875462534587e+01 3.591610397798149279e+01 5.464027240232425697e+01
2.349959933169074233e+01 2.553383518379688866e+01 4.664885315052907799e+01
2.420107990875613524e+01 1.730690694190593959e+01 3.953274614966028366e+01
2.490256048582153170e+01 1.114470472548239854e+01 3.323872429237781034e+01
2.560404106288692816e+01 6.851406372931364785e+00 2.770928306138284825e+01
2.630552163995232462e+01 4.095772500569304420e+00 2.288423693998061026e+01
2.700700221701772108e+01 2.378760988429664991e+00 1.870218989587669967e+01
2.770848279408311754e+01 1.357427806369364109e+00 1.510184935210514823e+01
2.840996337114851400e+01 7.631111672922538114e-01 1.202316282974715023e+01
2.911144394821390691e+01 4.216483430471312799e-01 9.408265859980758705e+00
2.981292452527929981e+01 2.272619926127097956e-01 7.202238396022153211e+00
3.051440510234469983e+01 1.224670133488184876e-01 5.353674487522425807e+00
3.121588567941009273e+01 6.478083744881288353e-02 3.815076196633526706e+00
3.191736625647548564e+01 3.404998448271231992e-02 2.543087526546116806e+00
3.261884683354088565e+01 1.798621902230031211e-02 1.498587485867915348e+00
3.332032741060628211e+01 9.456623018379902573e-03 6.466633934677474826e-01
3.402180798767167147e+01 4.329181400748630983e-03 -4.351372953163945567e-02
3.472328856473707503e+01 1.875446736743494134e-03 -5.988901533997932347e-01
3.542476914180246439e+01 9.058777392628724083e-04 -1.042786468262534072e+00
3.612624971886786085e+01 3.349919265654392611e-04 -1.395192115552276846e+00
3.682773029593325020e+01 3.406309720323591407e-05 -1.673081142875787464e+00
3.752921087299865377e+01 4.178042767500655216e-06 -1.890735395604849600e+00
3.823069145006404312e+01 0.000000000000000000e+00 -2.060063924313965344e+00
3.893217202712943958e+01 0.000000000000000000e+00 -2.190909888306521225e+00
3.963365260419483604e+01 0.000000000000000000e+00 -2.291338566326146520e+00
4.033513318126023250e+01 0.000000000000000000e+00 -2.367902172186290954e+00
4.103661375832562896e+01 0.000000000000000000e+00 -2.425878970676706103e+00
4.173809433539102542e+01 0.000000000000000000e+00 -2.469485678309126797e+00
4.243957491245642188e+01 0.000000000000000000e+00 -2.502063315597581550e+00
4.314105548952181124e+01 0.000000000000000000e+00 -2.526237569887996415e+00
4.384253606658720770e+01 0.000000000000000000e+00 -2.544055358624575547e+00
4.454401664365260416e+01 0.000000000000000000e+00 -2.557099687524384990e+00
4.524549722071800062e+01 0.000000000000000000e+00 -2.566585114649910793e+00
4.594697779778338997e+01 0.000000000000000000e+00 -2.573436198116780815e+00
4.664845837484879354e+01 0.000000000000000000e+00 -2.578351258305929150e+00
4.734993895191418289e+01 0.000000000000000000e+00 -2.581853657443502925e+00
4.805141952897957935e+01 0.000000000000000000e+00 -2.584332618181861108e+00
4.875290010604497581e+01 0.000000000000000000e+00 -2.586075391385577404e+00
4.945438068311037227e+01 0.000000000000000000e+00 -2.587292359817183751e+00
5.015586126017576873e+01 0.000000000000000000e+00 -2.588136442450434060e+00
5.085734183724115809e+01 0.000000000000000000e+00 -2.588717953310663233e+00
5.155882241430655455e+01 0.000000000000000000e+00 -2.589115875271090772e+00
5.226030299137195101e+01 0.000000000000000000e+00 -2.589386336612108153e+00
5.296178356843735457e+01 0.000000000000000000e+00 -2.589568927751315641e+00
5.366326414550273682e+01 0.000000000000000000e+00 -2.589691367212765272e+00
5.436474472256814039e+01 0.000000000000000000e+00 -2.589772918408584701e+00
5.506622529963353685e+01 0.000000000000000000e+00 -2.589826870274237081e+00
5.576770587669892620e+01 0.000000000000000000e+00 -2.589862323014642698e+00
5.646918645376432266e+01 0.000000000000000000e+00 -2.589885462855249898e+00
5.717066703082972623e+01 0.000000000000000000e+00 -2.589900464473998909e+00
5.787214760789511558e+01 0.000000000000000000e+00 -2.589910124606717545e+00
5.857362818496051204e+01 0.000000000000000000e+00 -2.589916303280631382e+00
5.927510876202590140e+01 0.000000000000000000e+00 -2.589920228596895413e+00
5.997658933909129786e+01 0.000000000000000000e+00 -2.589922705569790651e+00
6.067806991615670142e+01 0.000000000000000000e+00 -2.589924258082078268e+00
6.137955049322208367e+01 0.000000000000000000e+00 -2.589925224613637056e+00
6.208103107028748724e+01 0.000000000000000000e+00 -2.589925822287568735e+00
6.278251164735288370e+01 0.000000000000000000e+00 -2.589926189383561450e+00
6.348399222441827305e+01 0.000000000000000000e+00 -2.589926413339355804e+00
6.418547280148366951e+01 0.000000000000000000e+00 -2.589926549049437199e+00
6.488695337854906597e+01 0.000000000000000000e+00 -2.589926630731952173e+00
6.558843395561446243e+01 0.000000000000000000e+00 -2.589926679564939604e+00
6.628991453267985889e+01 0.000000000000000000e+00 -2.589926708562757085e+00
6.699139510974525535e+01 0.000000000000000000e+00 -2.589926725666202856e+00
6.769287568681065181e+01 0.000000000000000000e+00 -2.589926735686219672e+00
6.839435626387604827e+01 0.000000000000000000e+00 -2.589926741516933362e+00
6.909583684094144473e+01 0.000000000000000000e+00 -2.589926744887009136e+00
7.014805770653953232e+01 0.000000000000000000e+00 -2.589926747450874700e+00
