# Fit to erf function with parameters: B=246.18550438353392 A=247.2443728752515 R=14.327350028866965 W=6.204451949525248 
0.000000000000000000e+00 5.194036493334220950e+02 4.882545033848285811e+02
1.052220865598092914e+00 5.053845133206381774e+02 4.854226174019982523e+02
1.753701442663488264e+00 4.934404465878914721e+02 4.828705194917994845e+02
2.455182019728883169e+00 4.842240375339471257e+02 4.796620445332387703e+02
3.156662596794278741e+00 4.806589530757190118e+02 4.756795572938398777e+02
3.858143173859674313e+00 4.731853682762979929e+02 4.707990546757785069e+02
4.559623750925068997e+00 4.612624462713029629e+02 4.648939292425070562e+02
5.261104327990464569e+00 4.439254561156701016e+02 4.578397234473775370e+02
5.962584905055860141e+00 4.256495460517999163e+02 4.495197575482807224e+02
6.664065482121254824e+00 4.102804778493861591e+02 4.398314171109491895e+02
7.365546059186651284e+00 3.992749365089357525e+02 4.286927901146819977e+02
8.067026636252046856e+00 3.911588265940860083e+02 4.160492597285668808e+02
8.768507213317441540e+00 3.849978635012136010e+02 4.018795980977974978e+02
9.469987790382836224e+00 3.801298137714595669e+02 3.862010793289733783e+02
1.017146836744823268e+01 3.737082226895715849e+02 3.690731441925429976e+02
1.087294894451362737e+01 3.626269338717112305e+02 3.505992088915518821e+02
1.157442952157902383e+01 3.462592236505338974e+02 3.309263146664192163e+02
1.227591009864441851e+01 3.270754984890991182e+02 3.102424577011984184e+02
1.297739067570981319e+01 3.064561844201392660e+02 2.887716083116084178e+02
1.367887125277520610e+01 2.838373278170919889e+02 2.667666091564398130e+02
1.438035182984060256e+01 2.589705020718197375e+02 2.445003162320302579e+02
1.508183240690599725e+01 2.332084804417145847e+02 2.222554954404857313e+02
1.578331298397139371e+01 2.068693406792234555e+02 2.003140953910538542e+02
1.648479356103678839e+01 1.808814377552575934e+02 1.789465718298374100e+02
1.718627413810218485e+01 1.567389068148096669e+02 1.584019345463940169e+02
1.788775471516758131e+01 1.347422285789200487e+02 1.388991242893437743e+02
1.858923529223297422e+01 1.145929517393087167e+02 1.206202122412767750e+02
1.929071586929837068e+01 9.601953287756634836e+01 1.037057606819629143e+02
1.999219644636376714e+01 7.928402922246546325e+01 8.825250724145320191e+01
2.069367702342916004e+01 6.499257148557940411e+01 7.431335496552173936e+01
2.139515760049455650e+01 5.309092017729719259e+01 6.189948403989504300e+01
2.209663817755994941e+01 4.338293918226401757e+01 5.098426349166805949e+01
2.279811875462534587e+01 3.528347702962226151e+01 4.150854323261313539e+01
2.349959933169074233e+01 2.818577363736044461e+01 3.338685392558616627e+01
2.420107990875613524e+01 2.185666733747802581e+01 2.651403446196684399e+01
2.490256048582153170e+01 1.628892949975890048e+01 2.077183964755099055e+01
2.560404106288692816e+01 1.155985055333956701e+01 1.603514563578696084e+01
2.630552163995232462e+01 7.837950504576206789e+00 1.217745712321831775e+01
2.700700221701772108e+01 5.072882774076377999e+00 9.075517050797202501e+00
2.770848279408311754e+01 3.184212251574622954e+00 6.612915973401044312e+00
2.840996337114851400e+01 1.916305191659593676e+00 4.682685615650513000e+00
2.911144394821390691e+01 1.104557549185440468e+00 3.188933163772759372e+00
2.981292452527929981e+01 6.113989687525355210e-01 2.047626030851944279e+00
3.051440510234469983e+01 3.312503534636699332e-01 1.186670261167733997e+00
3.121588567941009273e+01 1.712432141935593122e-01 5.454406683768695530e-01
3.191736625647548564e+01 9.122630817190148511e-02 7.392006145221330371e-02
3.261884683354088565e+01 4.482965433815379319e-02 -2.684077632766559418e-01
3.332032741060628211e+01 2.175261991912924228e-02 -5.137871762960912747e-01
3.402180798767167147e+01 9.595167594232692498e-03 -6.874426365565966535e-01
3.472328856473707503e+01 4.636767816777735696e-03 -8.087796101168294172e-01
3.542476914180246439e+01 2.077248158818063590e-03 -8.924847767816572741e-01
3.612624971886786085e+01 8.488974043646000051e-04 -9.494967092277590837e-01
3.682773029593325020e+01 3.846658970586445611e-04 -9.878350792577350603e-01
3.752921087299865377e+01 1.872608397685703756e-04 -1.013289071717423440e+00
3.823069145006404312e+01 8.971493152911832970e-05 -1.029974315560622244e+00
3.893217202712943958e+01 6.633534906010809628e-05 -1.040772819276725158e+00
3.963365260419483604e+01 2.970032923355187638e-05 -1.047672817521572597e+00
4.033513318126023250e+01 1.286877124820786382e-05 -1.052025818343707897e+00
4.103661375832562896e+01 0.000000000000000000e+00 -1.054737151502592951e+00
4.173809433539102542e+01 0.000000000000000000e+00 -1.056404519207461590e+00
4.243957491245642188e+01 0.000000000000000000e+00 -1.057416877502248553e+00
4.314105548952181124e+01 0.000000000000000000e+00 -1.058023741623827618e+00
4.384253606658720770e+01 0.000000000000000000e+00 -1.058382914085882476e+00
4.454401664365260416e+01 0.000000000000000000e+00 -1.058592793068299898e+00
4.524549722071800062e+01 0.000000000000000000e+00 -1.058713877752381904e+00
4.594697779778338997e+01 0.000000000000000000e+00 -1.058782848322636028e+00
4.664845837484879354e+01 0.000000000000000000e+00 -1.058821635909140468e+00
4.734993895191418289e+01 0.000000000000000000e+00 -1.058843172454004389e+00
4.805141952897957935e+01 0.000000000000000000e+00 -1.058854978749025122e+00
4.875290010604497581e+01 0.000000000000000000e+00 -1.058861368818156734e+00
4.945438068311037227e+01 0.000000000000000000e+00 -1.058864783512206031e+00
5.015586126017576873e+01 0.000000000000000000e+00 -1.058866585087258727e+00
5.085734183724115809e+01 0.000000000000000000e+00 -1.058867523528817856e+00
5.155882241430655455e+01 0.000000000000000000e+00 -1.058868006161134190e+00
5.226030299137195101e+01 0.000000000000000000e+00 -1.058868251225334234e+00
5.296178356843735457e+01 0.000000000000000000e+00 -1.058868374081697539e+00
5.366326414550273682e+01 0.000000000000000000e+00 -1.058868434890939625e+00
5.436474472256814039e+01 0.000000000000000000e+00 -1.058868464607343185e+00
5.506622529963353685e+01 0.000000000000000000e+00 -1.058868478944930303e+00
5.576770587669892620e+01 0.000000000000000000e+00 -1.058868485774809187e+00
5.646918645376432266e+01 0.000000000000000000e+00 -1.058868488986973944e+00
5.717066703082972623e+01 0.000000000000000000e+00 -1.058868490478573676e+00
5.787214760789511558e+01 0.000000000000000000e+00 -1.058868491162371583e+00
5.857362818496051204e+01 0.000000000000000000e+00 -1.058868491471883999e+00
5.927510876202590140e+01 0.000000000000000000e+00 -1.058868491610240881e+00
5.997658933909129786e+01 0.000000000000000000e+00 -1.058868491671262291e+00
6.067806991615670142e+01 0.000000000000000000e+00 -1.058868491697865011e+00
6.137955049322208367e+01 0.000000000000000000e+00 -1.058868491709262116e+00
6.208103107028748724e+01 0.000000000000000000e+00 -1.058868491714122229e+00
6.278251164735288370e+01 0.000000000000000000e+00 -1.058868491716168592e+00
6.348399222441827305e+01 0.000000000000000000e+00 -1.058868491717021243e+00
6.418547280148366951e+01 0.000000000000000000e+00 -1.058868491717362303e+00
6.488695337854906597e+01 0.000000000000000000e+00 -1.058868491717504412e+00
6.558843395561446243e+01 0.000000000000000000e+00 -1.058868491717561255e+00
6.628991453267985889e+01 0.000000000000000000e+00 -1.058868491717589677e+00
6.699139510974525535e+01 0.000000000000000000e+00 -1.058868491717589677e+00
6.769287568681065181e+01 0.000000000000000000e+00 -1.058868491717589677e+00
6.839435626387604827e+01 0.000000000000000000e+00 -1.058868491717589677e+00
6.909583684094144473e+01 0.000000000000000000e+00 -1.058868491717589677e+00
7.014805770653953232e+01 0.000000000000000000e+00 -1.058868491717589677e+00
