# Fit to erf function with parameters: B=200.83400281131 A=199.28478478656154 R=15.303884050075704 W=5.458971217991062 
0.000000000000000000e+00 3.923680002201688808e+02 3.991111828533441894e+02
1.052220865598092914e+00 3.900004501213953176e+02 3.983180372951799200e+02
1.753701442663488264e+00 3.873042577652544765e+02 3.975165458054483452e+02
2.455182019728883169e+00 3.849516546797796650e+02 3.964144172777637323e+02
3.156662596794278741e+00 3.841624342114829460e+02 3.949236695651815126e+02
3.858143173859674313e+00 3.865210967260720736e+02 3.929402497692992142e+02
4.559623750925068997e+00 3.877233004409598607e+02 3.903444946210638591e+02
5.261104327990464569e+00 3.869814395509479823e+02 3.870029182008573230e+02
5.962584905055860141e+00 3.852484470087849786e+02 3.827715806855714504e+02
6.664065482121254824e+00 3.826218864023155106e+02 3.775011932724857502e+02
7.365546059186651284e+00 3.806037109343218958e+02 3.710439668281431409e+02
8.067026636252046856e+00 3.781686637488217571e+02 3.632620228340451263e+02
8.768507213317441540e+00 3.734714589374303273e+02 3.540369714043432054e+02
9.469987790382836224e+00 3.638235236923107436e+02 3.432800472912462055e+02
1.017146836744823268e+01 3.487101629255176363e+02 3.309420113860695665e+02
1.087294894451362737e+01 3.304145231230837680e+02 3.170219044021235959e+02
1.157442952157902383e+01 3.089979213322138207e+02 3.015737096179395849e+02
1.227591009864441851e+01 2.859878513715214581e+02 2.847100618500871292e+02
1.297739067570981319e+01 2.619029337747736577e+02 2.666023351242126864e+02
1.367887125277520610e+01 2.371957284448679673e+02 2.474767396612635082e+02
1.438035182984060256e+01 2.124959541890252126e+02 2.276064304757516084e+02
1.508183240690599725e+01 1.891172255548425767e+02 2.073000317104845180e+02
1.578331298397139371e+01 1.680059979937710466e+02 1.868873613479923677e+02
1.648479356103678839e+01 1.495462207133795403e+02 1.667034485629566234e+02
1.718627413810218485e+01 1.338339960281745107e+02 1.470721274973960249e+02
1.788775471516758131e+01 1.203912893948402711e+02 1.282905391795804917e+02
1.858923529223297422e+01 1.084226187433500854e+02 1.106157707305850977e+02
1.929071586929837068e+01 9.713560309914421964e+01 9.425462272525700769e+01
1.999219644636376714e+01 8.647382659569642271e+01 7.935715556603766174e+01
2.069367702342916004e+01 7.617403513818003091e+01 6.601427122343170595e+01
2.139515760049455650e+01 6.658923152069624507e+01 5.425919022402527503e+01
2.209663817755994941e+01 5.789980675607702665e+01 4.407233466922690468e+01
2.279811875462534587e+01 4.982906207524052178e+01 3.538886512436619114e+01
2.349959933169074233e+01 4.229682747504742224e+01 2.810796564036820655e+01
2.420107990875613524e+01 3.550585871632291912e+01 2.210293268267903954e+01
2.490256048582153170e+01 2.945107283625074501e+01 1.723118977227872506e+01
2.560404106288692816e+01 2.408637543770033673e+01 1.334349704968514061e+01
2.630552163995232462e+01 1.935859033128915030e+01 1.029182330612775331e+01
2.700700221701772108e+01 1.510631152484127959e+01 7.935565175306493302e+00
2.770848279408311754e+01 1.135360049122280479e+01 6.146005344575911522e+00
2.840996337114851400e+01 8.133792097395362575e+00 4.809076890586396757e+00
2.911144394821390691e+01 5.562456195018972593e+00 3.826630882030571001e+00
2.981292452527929981e+01 3.602137161215020367e+00 3.116484635487296373e+00
3.051440510234469983e+01 2.205831073203678994e+00 2.611561266323008113e+00
3.121588567941009273e+01 1.280940906433685411e+00 2.258425493898528202e+00
3.191736625647548564e+01 7.226228357174930839e-01 2.015486898336547483e+00
3.261884683354088565e+01 4.038881880073998953e-01 1.851091417708033759e+00
3.332032741060628211e+01 2.269858974622058767e-01 1.741665101145144945e+00
3.402180798767167147e+01 1.293366327800259119e-01 1.670019054940439673e+00
3.472328856473707503e+01 7.113089702840265371e-02 1.623876545232946000e+00
3.542476914180246439e+01 3.920764400448899234e-02 1.594645205270637689e+00
3.612624971886786085e+01 2.011845099702986098e-02 1.576429971207829794e+00
3.682773029593325020e+01 1.007088029427989986e-02 1.565264956439705202e+00
3.752921087299865377e+01 4.775633413654678701e-03 1.558533293646320317e+00
3.823069145006404312e+01 2.241381918579868609e-03 1.554540986912428480e+00
3.893217202712943958e+01 1.099137032981760582e-03 1.552212016674559436e+00
3.963365260419483604e+01 5.229372287941587601e-04 1.550875598243578679e+00
4.033513318126023250e+01 1.917679403231202810e-04 1.550121271603075002e+00
4.103661375832562896e+01 6.537005973273242465e-05 1.549702463671593478e+00
4.173809433539102542e+01 3.628232867663727385e-05 1.549473741217042289e+00
4.243957491245642188e+01 2.225904439396735168e-05 1.549350872548586722e+00
4.314105548952181124e+01 2.014357003879585996e-05 1.549285947552192511e+00
4.384253606658720770e+01 1.202815133383583417e-05 1.549252201642445925e+00
4.454401664365260416e+01 1.556874470570933120e-05 1.549234948478044771e+00
4.524549722071800062e+01 6.525633257306390112e-06 1.549226271774017505e+00
4.594697779778338997e+01 0.000000000000000000e+00 1.549221979581460573e+00
4.664845837484879354e+01 0.000000000000000000e+00 1.549219891045339637e+00
4.734993895191418289e+01 0.000000000000000000e+00 1.549218891406411558e+00
4.805141952897957935e+01 0.000000000000000000e+00 1.549218420773087246e+00
4.875290010604497581e+01 0.000000000000000000e+00 1.549218202821208479e+00
4.945438068311037227e+01 0.000000000000000000e+00 1.549218103537782554e+00
5.015586126017576873e+01 0.000000000000000000e+00 1.549218059050986085e+00
5.085734183724115809e+01 0.000000000000000000e+00 1.549218039443388761e+00
5.155882241430655455e+01 0.000000000000000000e+00 1.549218030942682844e+00
5.226030299137195101e+01 0.000000000000000000e+00 1.549218027317550650e+00
5.296178356843735457e+01 0.000000000000000000e+00 1.549218025796903930e+00
5.366326414550273682e+01 0.000000000000000000e+00 1.549218025169437851e+00
5.436474472256814039e+01 0.000000000000000000e+00 1.549218024914779335e+00
5.506622529963353685e+01 0.000000000000000000e+00 1.549218024813114880e+00
5.576770587669892620e+01 0.000000000000000000e+00 1.549218024773182378e+00
5.646918645376432266e+01 0.000000000000000000e+00 1.549218024757777812e+00
5.717066703082972623e+01 0.000000000000000000e+00 1.549218024751894518e+00
5.787214760789511558e+01 0.000000000000000000e+00 1.549218024749706046e+00
5.857362818496051204e+01 0.000000000000000000e+00 1.549218024748910238e+00
5.927510876202590140e+01 0.000000000000000000e+00 1.549218024748597600e+00
5.997658933909129786e+01 0.000000000000000000e+00 1.549218024748512335e+00
6.067806991615670142e+01 0.000000000000000000e+00 1.549218024748483913e+00
6.137955049322208367e+01 0.000000000000000000e+00 1.549218024748455491e+00
6.208103107028748724e+01 0.000000000000000000e+00 1.549218024748455491e+00
6.278251164735288370e+01 0.000000000000000000e+00 1.549218024748455491e+00
6.348399222441827305e+01 0.000000000000000000e+00 1.549218024748455491e+00
6.418547280148366951e+01 0.000000000000000000e+00 1.549218024748455491e+00
6.488695337854906597e+01 0.000000000000000000e+00 1.549218024748455491e+00
6.558843395561446243e+01 0.000000000000000000e+00 1.549218024748455491e+00
6.628991453267985889e+01 0.000000000000000000e+00 1.549218024748455491e+00
6.699139510974525535e+01 0.000000000000000000e+00 1.549218024748455491e+00
6.769287568681065181e+01 0.000000000000000000e+00 1.549218024748455491e+00
6.839435626387604827e+01 0.000000000000000000e+00 1.549218024748455491e+00
6.909583684094144473e+01 0.000000000000000000e+00 1.549218024748455491e+00
7.014805770653953232e+01 0.000000000000000000e+00 1.549218024748455491e+00
