# Fit to erf function with parameters: B=169.50316619120338 A=167.4370038525421 R=17.203523731067733 W=3.0447263684523143 
0.000000000000000000e+00 2.230710602351690568e+02 3.369401673614594301e+02
1.052220865598092914e+00 2.264605704060042513e+02 3.369401511451226270e+02
1.753701442663488264e+00 2.342397988217181819e+02 3.369401049196201257e+02
2.455182019728883169e+00 2.461576554494701554e+02 3.369399568683359121e+02
3.156662596794278741e+00 2.625171525473228940e+02 3.369395071033376325e+02
3.858143173859674313e+00 2.822116753110281593e+02 3.369382111104646356e+02
4.559623750925068997e+00 3.047801259345857261e+02 3.369346689879455425e+02
5.261104327990464569e+00 3.305307446454837077e+02 3.369254863163241680e+02
5.962584905055860141e+00 3.559602265020638470e+02 3.369029065461286336e+02
6.664065482121254824e+00 3.797994700471751344e+02 3.368502423540018071e+02
7.365546059186651284e+00 4.003070067999095727e+02 3.367337339606906994e+02
8.067026636252046856e+00 4.161509950519835570e+02 3.364892528632187805e+02
8.768507213317441540e+00 4.251483469601466254e+02 3.360026439834060739e+02
9.469987790382836224e+00 4.269658305011391803e+02 3.350839691867269039e+02
1.017146836744823268e+01 4.199452296236970028e+02 3.334388743642513759e+02
1.087294894451362737e+01 4.047374316323001722e+02 3.306446084221860247e+02
1.157442952157902383e+01 3.823735322826936454e+02 3.261427432125402675e+02
1.227591009864441851e+01 3.542322325214544207e+02 3.192631075418217961e+02
1.297739067570981319e+01 3.229352538110875912e+02 3.092910030763368923e+02
1.367887125277520610e+01 2.925497671263660209e+02 2.955803915564144404e+02
1.438035182984060256e+01 2.630386021267348724e+02 2.777000574776472490e+02
1.508183240690599725e+01 2.344756772916438194e+02 2.555821838527913314e+02
1.578331298397139371e+01 2.073919225628575305e+02 2.296308209883817995e+02
1.648479356103678839e+01 1.815172635876133995e+02 2.007488977738027529e+02
1.718627413810218485e+01 1.562388883366667187e+02 1.702600335317974896e+02
1.788775471516758131e+01 1.316939859507539552e+02 1.397315232737763040e+02
1.858923529223297422e+01 1.090247361987808574e+02 1.107367841208902774e+02
1.929071586929837068e+01 8.946762168045088970e+01 8.461625315054376983e+01
1.999219644636376714e+01 7.397043942554921614e+01 6.229626600521565649e+01
2.069367702342916004e+01 6.189249374891757327e+01 4.420558403572572104e+01
2.139515760049455650e+01 5.216073909176859047e+01 3.029757756988277606e+01
2.209663817755994941e+01 4.338302509081925251e+01 2.015557692552616231e+01
2.279811875462534587e+01 3.498434788958311970e+01 1.314052291475022116e+01
2.349959933169074233e+01 2.712859260213534540e+01 8.538096615594781724e+00
2.420107990875613524e+01 2.025170439596101701e+01 5.673978793652992181e+00
2.490256048582153170e+01 1.452639271026404622e+01 3.983370955306412498e+00
2.560404106288692816e+01 9.980108113944009318e+00 3.036823135800318596e+00
2.630552163995232462e+01 6.546492455254435683e+00 2.534145437588477989e+00
2.700700221701772108e+01 4.155880811716837542e+00 2.280933765093834609e+00
2.770848279408311754e+01 2.578112399762185536e+00 2.159950719175242284e+00
2.840996337114851400e+01 1.571774814545159993e+00 2.105121556621355694e+00
2.911144394821390691e+01 9.298941532613963501e-01 2.081552369218542253e+00
2.981292452527929981e+01 5.457078601124861761e-01 2.071942376169857880e+00
3.051440510234469983e+01 3.202919128086812450e-01 2.068225769951197890e+00
3.121588567941009273e+01 1.811173650133754143e-01 2.066862397361944659e+00
3.191736625647548564e+01 1.044584336915876793e-01 2.066388017112103626e+00
3.261884683354088565e+01 5.893286513615341587e-02 2.066231456629964214e+00
3.332032741060628211e+01 3.234496833090776818e-02 2.066182447085509466e+00
3.402180798767167147e+01 1.787042419813422364e-02 2.066167895122532627e+00
3.472328856473707503e+01 9.538359947900247604e-03 2.066163796817193088e+00
3.542476914180246439e+01 5.124993365653405554e-03 2.066162702033665255e+00
3.612624971886786085e+01 2.829646853096798829e-03 2.066162424642413953e+00
3.682773029593325020e+01 1.500089002800088309e-03 2.066162357977503916e+00
3.752921087299865377e+01 8.449422796443019660e-04 2.066162342781098005e+00
3.823069145006404312e+01 4.070784441962906519e-04 2.066162339495434708e+00
3.893217202712943958e+01 1.667785142740159994e-04 2.066162338821612821e+00
3.963365260419483604e+01 6.354228578591451456e-05 2.066162338690531897e+00
4.033513318126023250e+01 2.195800378562922875e-05 2.066162338666345022e+00
4.103661375832562896e+01 2.249068665657284538e-05 2.066162338662110187e+00
4.173809433539102542e+01 2.000647934949631912e-05 2.066162338661428066e+00
4.243957491245642188e+01 0.000000000000000000e+00 2.066162338661314379e+00
4.314105548952181124e+01 0.000000000000000000e+00 2.066162338661285958e+00
4.384253606658720770e+01 0.000000000000000000e+00 2.066162338661285958e+00
4.454401664365260416e+01 0.000000000000000000e+00 2.066162338661285958e+00
4.524549722071800062e+01 0.000000000000000000e+00 2.066162338661285958e+00
4.594697779778338997e+01 0.000000000000000000e+00 2.066162338661285958e+00
4.664845837484879354e+01 0.000000000000000000e+00 2.066162338661285958e+00
4.734993895191418289e+01 0.000000000000000000e+00 2.066162338661285958e+00
4.805141952897957935e+01 0.000000000000000000e+00 2.066162338661285958e+00
4.875290010604497581e+01 0.000000000000000000e+00 2.066162338661285958e+00
4.945438068311037227e+01 0.000000000000000000e+00 2.066162338661285958e+00
5.015586126017576873e+01 0.000000000000000000e+00 2.066162338661285958e+00
5.085734183724115809e+01 0.000000000000000000e+00 2.066162338661285958e+00
5.155882241430655455e+01 0.000000000000000000e+00 2.066162338661285958e+00
5.226030299137195101e+01 0.000000000000000000e+00 2.066162338661285958e+00
5.296178356843735457e+01 0.000000000000000000e+00 2.066162338661285958e+00
5.366326414550273682e+01 0.000000000000000000e+00 2.066162338661285958e+00
5.436474472256814039e+01 0.000000000000000000e+00 2.066162338661285958e+00
5.506622529963353685e+01 0.000000000000000000e+00 2.066162338661285958e+00
5.576770587669892620e+01 0.000000000000000000e+00 2.066162338661285958e+00
5.646918645376432266e+01 0.000000000000000000e+00 2.066162338661285958e+00
5.717066703082972623e+01 0.000000000000000000e+00 2.066162338661285958e+00
5.787214760789511558e+01 0.000000000000000000e+00 2.066162338661285958e+00
5.857362818496051204e+01 0.000000000000000000e+00 2.066162338661285958e+00
5.927510876202590140e+01 0.000000000000000000e+00 2.066162338661285958e+00
5.997658933909129786e+01 0.000000000000000000e+00 2.066162338661285958e+00
6.067806991615670142e+01 0.000000000000000000e+00 2.066162338661285958e+00
6.137955049322208367e+01 0.000000000000000000e+00 2.066162338661285958e+00
6.208103107028748724e+01 0.000000000000000000e+00 2.066162338661285958e+00
6.278251164735288370e+01 0.000000000000000000e+00 2.066162338661285958e+00
6.348399222441827305e+01 0.000000000000000000e+00 2.066162338661285958e+00
6.418547280148366951e+01 0.000000000000000000e+00 2.066162338661285958e+00
6.488695337854906597e+01 0.000000000000000000e+00 2.066162338661285958e+00
6.558843395561446243e+01 0.000000000000000000e+00 2.066162338661285958e+00
6.628991453267985889e+01 0.000000000000000000e+00 2.066162338661285958e+00
6.699139510974525535e+01 0.000000000000000000e+00 2.066162338661285958e+00
6.769287568681065181e+01 0.000000000000000000e+00 2.066162338661285958e+00
6.839435626387604827e+01 0.000000000000000000e+00 2.066162338661285958e+00
6.909583684094144473e+01 0.000000000000000000e+00 2.066162338661285958e+00
7.014805770653953232e+01 0.000000000000000000e+00 2.066162338661285958e+00
