# Fit to erf function with parameters: B=284.41921824908815 A=283.31223652580996 R=10.90358853415486 W=8.220669246390159 
0.000000000000000000e+00 5.246392145706647625e+02 5.153981293125262937e+02
1.052220865598092914e+00 5.150618593936537764e+02 5.023501589981572693e+02
1.753701442663488264e+00 5.002721665947270253e+02 4.924571825292228482e+02
2.455182019728883169e+00 4.834772964711168015e+02 4.815791636004759084e+02
3.156662596794278741e+00 4.638425656432098663e+02 4.697047471797191633e+02
3.858143173859674313e+00 4.432513185721163609e+02 4.568366488549703490e+02
4.559623750925068997e+00 4.244076031310781900e+02 4.429928239650668047e+02
5.261104327990464569e+00 4.073964024038843945e+02 4.282072749633218223e+02
5.962584905055860141e+00 3.895665723828375349e+02 4.125304379291181931e+02
6.664065482121254824e+00 3.756066237053395866e+02 3.960291035905917738e+02
7.365546059186651284e+00 3.665269007068667406e+02 3.787858460373266212e+02
8.067026636252046856e+00 3.631189395672432170e+02 3.608979526522526271e+02
8.768507213317441540e+00 3.601532865704530195e+02 3.424758706213048072e+02
9.469987790382836224e+00 3.534349652576994458e+02 3.236412074748271834e+02
1.017146836744823268e+01 3.405268448236432164e+02 3.045243441866489320e+02
1.087294894451362737e+01 3.197126882389710545e+02 2.852617381305318531e+02
1.157442952157902383e+01 2.916832388069059903e+02 2.659930085032414695e+02
1.227591009864441851e+01 2.606895837419133954e+02 2.468579076996785489e+02
1.297739067570981319e+01 2.297344136837645294e+02 2.279932878708693806e+02
1.367887125277520610e+01 2.009638925523496198e+02 2.095301721389253942e+02
1.438035182984060256e+01 1.754421442144849550e+02 1.915910346685736272e+02
1.508183240690599725e+01 1.543134956843534553e+02 1.742873833434906601e+02
1.578331298397139371e+01 1.369337283108592942e+02 1.577177238382288920e+02
1.648479356103678839e+01 1.223341680592421596e+02 1.419659653611617500e+02
1.718627413810218485e+01 1.097165710054226935e+02 1.271003074227980676e+02
1.788775471516758131e+01 9.869032072128426591e+01 1.131726249259660904e+02
1.858923529223297422e+01 8.886621474551847655e+01 1.002183469716948423e+02
1.929071586929837068e+01 8.023585820489262233e+01 8.825680425028895115e+01
1.999219644636376714e+01 7.302273422901252786e+01 7.729200181313643725e+01
2.069367702342916004e+01 6.692045218192951950e+01 6.731375925169049879e+01
2.139515760049455650e+01 6.162119311039872827e+01 5.829914943699230889e+01
2.209663817755994941e+01 5.685089312515435012e+01 5.021416030116722595e+01
2.279811875462534587e+01 5.232699157830518999e+01 4.301550169135384749e+01
2.349959933169074233e+01 4.785732857893442826e+01 3.665248085328445882e+01
2.420107990875613524e+01 4.334233556094487483e+01 3.106887514018467300e+01
2.490256048582153170e+01 3.880727506785542147e+01 2.620473845716054484e+01
2.560404106288692816e+01 3.427549083244473849e+01 2.199808799727185260e+01
2.630552163995232462e+01 2.972834183540944863e+01 1.838642921200613500e+01
2.700700221701772108e+01 2.529257384437052991e+01 1.530808890718253679e+01
2.770848279408311754e+01 2.112501309473756805e+01 1.270333815006398481e+01
2.840996337114851400e+01 1.735137787338935667e+01 1.051529770249538842e+01
2.911144394821390691e+01 1.399883743617811760e+01 8.690628476416009107e+00
2.981292452527929981e+01 1.100874745928875065e+01 7.180017704398551359e+00
3.051440510234469983e+01 8.423117154753049007e+00 5.938477936639287691e+00
3.121588567941009273e+01 6.261238139691939431e+00 4.925480560621451787e+00
3.191736625647548564e+01 4.523599282219908702e+00 4.104948352037354198e+00
3.261884683354088565e+01 3.179535510998099834e+00 3.445132761482682326e+00
3.332032741060628211e+01 2.193365748224927803e+00 2.918401444982180237e+00
3.402180798767167147e+01 1.500137289202809976e+00 2.500960223010281425e+00
3.472328856473707503e+01 1.031262679084024469e+00 2.172531484305920912e+00
3.542476914180246439e+01 7.161304601569968842e-01 1.916008314556734149e+00
3.612624971886786085e+01 4.955582885958029205e-01 1.717100581222780420e+00
3.682773029593325020e+01 3.457125782699934091e-01 1.563986065798985692e+00
3.752921087299865377e+01 2.436094836243191952e-01 1.446976683987088563e+00
3.823069145006404312e+01 1.731603783257789075e-01 1.358207008978297381e+00
3.893217202712943958e+01 1.200846007860849884e-01 1.291349806714720216e+00
3.963365260419483604e+01 8.239754120286989225e-02 1.241361158633139894e+00
4.033513318126023250e+01 5.838835220420378336e-02 1.204256007271681028e+00
4.103661375832562896e+01 3.510883680949668240e-02 1.176913606402933965e+00
4.173809433539102542e+01 1.950003794404457300e-02 1.156911363022402384e+00
4.243957491245642188e+01 1.094085578500393965e-02 1.142384883026977604e+00
4.314105548952181124e+01 6.697083020627703047e-03 1.131911627613078508e+00
4.384253606658720770e+01 3.731027490975793483e-03 1.124415402491479199e+00
4.454401664365260416e+01 2.330485028549154122e-03 1.119088887340183192e+00
4.524549722071800062e+01 1.510864262488851835e-03 1.115331522794917873e+00
4.594697779778338997e+01 7.848317167965395986e-04 1.112700266701097007e+00
4.664845837484879354e+01 5.641068634812827689e-04 1.110870976853618686e+00
4.734993895191418289e+01 3.239665878661504746e-04 1.109608447315054036e+00
4.805141952897957935e+01 1.563214706191677508e-04 1.108743399348327330e+00
4.875290010604497581e+01 5.286044274842890115e-05 1.108154991510446052e+00
4.945438068311037227e+01 3.910381317456984357e-05 1.107757656964906801e+00
5.015586126017576873e+01 3.814121813044733198e-05 1.107491294013243532e+00
5.085734183724115809e+01 1.421707079798884623e-05 1.107314025775281152e+00
5.155882241430655455e+01 0.000000000000000000e+00 1.107196906695321559e+00
5.226030299137195101e+01 0.000000000000000000e+00 1.107120088519195633e+00
5.296178356843735457e+01 0.000000000000000000e+00 1.107070068950179120e+00
5.366326414550273682e+01 0.000000000000000000e+00 1.107037735242158760e+00
5.436474472256814039e+01 0.000000000000000000e+00 1.107016985596089853e+00
5.506622529963353685e+01 0.000000000000000000e+00 1.107003766386583266e+00
5.576770587669892620e+01 0.000000000000000000e+00 1.106995405739553462e+00
5.646918645376432266e+01 0.000000000000000000e+00 1.106990156288304661e+00
5.717066703082972623e+01 0.000000000000000000e+00 1.106986884181026198e+00
5.787214760789511558e+01 0.000000000000000000e+00 1.106984859387353026e+00
5.857362818496051204e+01 0.000000000000000000e+00 1.106983615521357933e+00
5.927510876202590140e+01 0.000000000000000000e+00 1.106982856933143466e+00
5.997658933909129786e+01 0.000000000000000000e+00 1.106982397652529926e+00
6.067806991615670142e+01 0.000000000000000000e+00 1.106982121601220115e+00
6.137955049322208367e+01 0.000000000000000000e+00 1.106981956883203111e+00
6.208103107028748724e+01 0.000000000000000000e+00 1.106981859309712490e+00
6.278251164735288370e+01 0.000000000000000000e+00 1.106981801929464382e+00
6.348399222441827305e+01 0.000000000000000000e+00 1.106981768430387092e+00
6.418547280148366951e+01 0.000000000000000000e+00 1.106981749015176320e+00
6.488695337854906597e+01 0.000000000000000000e+00 1.106981737844193958e+00
6.558843395561446243e+01 0.000000000000000000e+00 1.106981731463349661e+00
6.628991453267985889e+01 0.000000000000000000e+00 1.106981727844981833e+00
6.699139510974525535e+01 0.000000000000000000e+00 1.106981725808054762e+00
6.769287568681065181e+01 0.000000000000000000e+00 1.106981724669651612e+00
6.839435626387604827e+01 0.000000000000000000e+00 1.106981724038064385e+00
6.909583684094144473e+01 0.000000000000000000e+00 1.106981723690239505e+00
7.014805770653953232e+01 0.000000000000000000e+00 1.106981723440526366e+00
