# Fit to erf function with parameters: B=226.06830886500046 A=225.5629525151378 R=15.718975179021802 W=3.990874262341609 
0.000000000000000000e+00 4.736077557207690347e+02 4.516127845864599522e+02
1.052220865598092914e+00 4.545225835942747494e+02 4.515776267051684272e+02
1.753701442663488264e+00 4.415881008437542050e+02 4.515260411904010311e+02
2.455182019728883169e+00 4.303407018353444755e+02 4.514307683144455723e+02
3.156662596794278741e+00 4.291230475679635106e+02 4.512601494934842776e+02
3.858143173859674313e+00 4.362852106944852721e+02 4.509638705325158980e+02
4.559623750925068997e+00 4.489234988391108345e+02 4.504649964270601004e+02
5.261104327990464569e+00 4.603703658038898539e+02 4.496504845186142347e+02
5.962584905055860141e+00 4.660577723982123075e+02 4.483609876472019096e+02
6.664065482121254824e+00 4.639862459655220164e+02 4.463814691060449604e+02
7.365546059186651284e+00 4.543579183178416656e+02 4.434349088498177025e+02
8.067026636252046856e+00 4.408608862924764935e+02 4.391819851326135336e+02
8.768507213317441540e+00 4.290035669787756660e+02 4.332298002616427084e+02
9.469987790382836224e+00 4.194960340145439091e+02 4.251522100293816493e+02
1.017146836744823268e+01 4.104490984997135570e+02 4.145229300991931041e+02
1.087294894451362737e+01 3.986755485029641477e+02 4.009603436154088740e+02
1.157442952157902383e+01 3.827222335740066796e+02 3.841801150714703681e+02
1.227591009864441851e+01 3.636004052428486375e+02 3.640489031662959292e+02
1.297739067570981319e+01 3.416733510686532895e+02 3.406304240861414883e+02
1.367887125277520610e+01 3.169689497083127776e+02 3.142145986812436718e+02
1.438035182984060256e+01 2.886130668245398851e+02 2.853220116102388033e+02
1.508183240690599725e+01 2.562617952148056020e+02 2.546794243379752061e+02
1.578331298397139371e+01 2.221119541058862126e+02 2.231670450900015226e+02
1.648479356103678839e+01 1.893530821097793932e+02 1.917436054016376090e+02
1.718627413810218485e+01 1.592177212577521459e+02 1.613597406216463526e+02
1.788775471516758131e+01 1.318263983430215376e+02 1.328725863181657587e+02
1.858923529223297422e+01 1.064587052904539490e+02 1.069742494556911367e+02
1.929071586929837068e+01 8.355485130009142836e+01 8.414395951602767809e+01
1.999219644636376714e+01 6.405968863322587481e+01 6.462899755864359008e+01
2.069367702342916004e+01 4.810518310690748933e+01 4.845413105915505980e+01
2.139515760049455650e+01 3.570911225769636843e+01 3.545451892388635429e+01
2.209663817755994941e+01 2.656704258670165331e+01 2.532388190151860385e+01
2.279811875462534587e+01 1.995224418592322380e+01 1.766862517887159356e+01
2.349959933169074233e+01 1.529555972253584173e+01 1.205944515668997497e+01
2.420107990875613524e+01 1.189984673641400015e+01 8.074195077027781053e+00
2.490256048582153170e+01 9.314061517139062829e+00 5.328651601584851960e+00
2.560404106288692816e+01 7.270524231487637934e+00 3.494574548770884803e+00
2.630552163995232462e+01 5.622745044571849427e+00 2.306555804515539876e+00
2.700700221701772108e+01 4.314962757687516692e+00 1.560372673770416441e+00
2.770848279408311754e+01 3.255716046564331112e+00 1.105924953204947769e+00
2.840996337114851400e+01 2.400590020521943480e+00 8.375519972993856754e-01
2.911144394821390691e+01 1.743037421228620376e+00 6.838746582114936245e-01
2.981292452527929981e+01 1.264305360566606584e+00 5.985455672447983488e-01
3.051440510234469983e+01 9.073844427660884282e-01 5.526045561533408090e-01
3.121588567941009273e+01 6.408081415348825249e-01 5.286206421435224456e-01
3.191736625647548564e+01 4.370284537735438235e-01 5.164796108128655305e-01
3.261884683354088565e+01 2.897790469533871871e-01 5.105201489709827456e-01
3.332032741060628211e+01 1.796244270539525678e-01 5.076837039106010252e-01
3.402180798767167147e+01 1.103176886965800546e-01 5.063746500914021453e-01
3.472328856473707503e+01 6.808332568626068726e-02 5.057888406824702088e-01
3.542476914180246439e+01 4.137466038288407227e-02 5.055346434507725917e-01
3.612624971886786085e+01 2.478306622885424748e-02 5.054276885130093433e-01
3.682773029593325020e+01 1.453159525590561399e-02 5.053840523732731072e-01
3.752921087299865377e+01 8.431272383634282400e-03 5.053667897346088012e-01
3.823069145006404312e+01 4.545416312162162478e-03 5.053601678239374451e-01
3.893217202712943958e+01 2.062572048016945818e-03 5.053577047659700838e-01
3.963365260419483604e+01 8.822443238838974765e-04 5.053568164222497217e-01
4.033513318126023250e+01 3.734991004795743235e-04 5.053565057500009061e-01
4.103661375832562896e+01 2.356790584996742391e-04 5.053564003989947651e-01
4.173809433539102542e+01 1.687042321755101979e-04 5.053563657580184554e-01
4.243957491245642188e+01 6.525628603397089569e-05 5.053563547133137490e-01
4.314105548952181124e+01 1.084340799694772061e-05 5.053563512987295780e-01
4.384253606658720770e+01 4.747562485897106409e-06 5.053563502751217129e-01
4.454401664365260416e+01 6.483100454607429327e-06 5.053563499775748369e-01
4.524549722071800062e+01 5.233756622611214909e-06 5.053563498937307941e-01
4.594697779778338997e+01 0.000000000000000000e+00 5.053563498707944746e-01
4.664845837484879354e+01 0.000000000000000000e+00 5.053563498647406504e-01
4.734993895191418289e+01 0.000000000000000000e+00 5.053563498631774564e-01
4.805141952897957935e+01 0.000000000000000000e+00 5.053563498627795525e-01
4.875290010604497581e+01 0.000000000000000000e+00 5.053563498626942874e-01
4.945438068311037227e+01 0.000000000000000000e+00 5.053563498626658657e-01
5.015586126017576873e+01 0.000000000000000000e+00 5.053563498626658657e-01
5.085734183724115809e+01 0.000000000000000000e+00 5.053563498626658657e-01
5.155882241430655455e+01 0.000000000000000000e+00 5.053563498626658657e-01
5.226030299137195101e+01 0.000000000000000000e+00 5.053563498626658657e-01
5.296178356843735457e+01 0.000000000000000000e+00 5.053563498626658657e-01
5.366326414550273682e+01 0.000000000000000000e+00 5.053563498626658657e-01
5.436474472256814039e+01 0.000000000000000000e+00 5.053563498626658657e-01
5.506622529963353685e+01 0.000000000000000000e+00 5.053563498626658657e-01
5.576770587669892620e+01 0.000000000000000000e+00 5.053563498626658657e-01
5.646918645376432266e+01 0.000000000000000000e+00 5.053563498626658657e-01
5.717066703082972623e+01 0.000000000000000000e+00 5.053563498626658657e-01
5.787214760789511558e+01 0.000000000000000000e+00 5.053563498626658657e-01
5.857362818496051204e+01 0.000000000000000000e+00 5.053563498626658657e-01
5.927510876202590140e+01 0.000000000000000000e+00 5.053563498626658657e-01
5.997658933909129786e+01 0.000000000000000000e+00 5.053563498626658657e-01
6.067806991615670142e+01 0.000000000000000000e+00 5.053563498626658657e-01
6.137955049322208367e+01 0.000000000000000000e+00 5.053563498626658657e-01
6.208103107028748724e+01 0.000000000000000000e+00 5.053563498626658657e-01
6.278251164735288370e+01 0.000000000000000000e+00 5.053563498626658657e-01
6.348399222441827305e+01 0.000000000000000000e+00 5.053563498626658657e-01
6.418547280148366951e+01 0.000000000000000000e+00 5.053563498626658657e-01
6.488695337854906597e+01 0.000000000000000000e+00 5.053563498626658657e-01
6.558843395561446243e+01 0.000000000000000000e+00 5.053563498626658657e-01
6.628991453267985889e+01 0.000000000000000000e+00 5.053563498626658657e-01
6.699139510974525535e+01 0.000000000000000000e+00 5.053563498626658657e-01
6.769287568681065181e+01 0.000000000000000000e+00 5.053563498626658657e-01
6.839435626387604827e+01 0.000000000000000000e+00 5.053563498626658657e-01
6.909583684094144473e+01 0.000000000000000000e+00 5.053563498626658657e-01
7.014805770653953232e+01 0.000000000000000000e+00 5.053563498626658657e-01
