# Fit to erf function with parameters: B=317.9438506489428 A=322.0529572235946 R=11.626701303912911 W=8.58468476109126 
0.000000000000000000e+00 7.599619399728771896e+02 5.834367412884621444e+02
1.052220865598092914e+00 6.872008039626048230e+02 5.697797154434176718e+02
1.753701442663488264e+00 5.882736972301381684e+02 5.594466961852333498e+02
2.455182019728883169e+00 5.020093504334071781e+02 5.480961250787546533e+02
3.156662596794278741e+00 4.414288980710288115e+02 5.357107258914994645e+02
3.858143173859674313e+00 4.112258644268026160e+02 5.222860402829926443e+02
4.559623750925068997e+00 4.049095711681296166e+02 5.078316406065139290e+02
5.261104327990464569e+00 4.076576755323124530e+02 4.923720561972020846e+02
5.962584905055860141e+00 4.115932560178511608e+02 4.759473582725383380e+02
6.664065482121254824e+00 4.177138195076402667e+02 4.586133584599025426e+02
7.365546059186651284e+00 4.224464210006393614e+02 4.404413887336674520e+02
8.067026636252046856e+00 4.244965512651547783e+02 4.215176456921151384e+02
8.768507213317441540e+00 4.211916427304492458e+02 4.019420989544973963e+02
9.469987790382836224e+00 4.113006731856006013e+02 3.818269811891711356e+02
1.017146836744823268e+01 3.944910795893471231e+02 3.612948949772134029e+02
1.087294894451362737e+01 3.747581958234202943e+02 3.404765884158732661e+02
1.157442952157902383e+01 3.565933796330348287e+02 3.195084661403383848e+02
1.227591009864441851e+01 3.389895190921923245e+02 2.985299144457357556e+02
1.297739067570981319e+01 3.198745426234349338e+02 2.776805277255360807e+02
1.367887125277520610e+01 2.984231677900172599e+02 2.570973280049863092e+02
1.438035182984060256e+01 2.760544548274856993e+02 2.369120696682460903e+02
1.508183240690599725e+01 2.523298256590302913e+02 2.172487175365237135e+02
1.578331298397139371e+01 2.269416908360208822e+02 1.982211784856141321e+02
1.648479356103678839e+01 2.001851074212008257e+02 1.799313552647920460e+02
1.718627413810218485e+01 1.735535985024104377e+02 1.624675767671618587e+02
1.788775471516758131e+01 1.479388604045902866e+02 1.459034425309363314e+02
1.858923529223297422e+01 1.236467534441073326e+02 1.302971016449216677e+02
1.929071586929837068e+01 1.005844038287298332e+02 1.156909684466035628e+02
1.999219644636376714e+01 7.936121630159301787e+01 1.021118603649302656e+02
2.069367702342916004e+01 6.092741377832012972e+01 8.957152781144395703e+01
2.139515760049455650e+01 4.559031906104790011e+01 7.806753286465260544e+01
2.209663817755994941e+01 3.328654544945666061e+01 6.758442315079327045e+01
2.279811875462534587e+01 2.364625987995121648e+01 5.809514012974227626e+01
2.349959933169074233e+01 1.633541516879403943e+01 4.956259707383492241e+01
2.420107990875613524e+01 1.090657428589521949e+01 4.194136130910641214e+01
2.490256048582153170e+01 7.065810555934168846e+00 3.517937752623083725e+01
2.560404106288692816e+01 4.428936620726680040e+00 2.921967377049259085e+01
2.630552163995232462e+01 2.727756847952194530e+00 2.400199858803370034e+01
2.700700221701772108e+01 1.642071495899922740e+00 1.946434617613704177e+01
2.770848279408311754e+01 9.531818626178256704e-01 1.554433567238379510e+01
2.840996337114851400e+01 5.442352282633489136e-01 1.218042035134794787e+01
2.911144394821390691e+01 3.011147776900896522e-01 9.312911957857977541e+00
2.981292452527929981e+01 1.643567037544267084e-01 6.884814248183374730e+00
3.051440510234469983e+01 8.614496174358417246e-02 4.842467683401537215e+00
3.121588567941009273e+01 4.520970591778581543e-02 3.136013873422712095e+00
3.191736625647548564e+01 2.382150777954255769e-02 1.719693659431072774e+00
3.261884683354088565e+01 1.286479527754998305e-02 5.519965973481362198e-01
3.332032741060628211e+01 5.491799015284395610e-03 -4.043178991012723600e-01
3.402180798767167147e+01 2.506525707670799463e-03 -1.182306275062330769e+00
3.472328856473707503e+01 1.357260191782673400e-03 -1.811011825388959551e+00
3.542476914180246439e+01 6.559439830879738517e-04 -2.315700196054308435e+00
3.612624971886786085e+01 2.551519444810052429e-04 -2.718140174873440174e+00
3.682773029593325020e+01 1.306909421089578062e-04 -3.036912605441727919e+00
3.752921087299865377e+01 8.809919412313625122e-05 -3.287732630242544474e+00
3.823069145006404312e+01 1.478585006805189252e-05 -3.483772982872210378e+00
3.893217202712943958e+01 0.000000000000000000e+00 -3.635978557597354666e+00
3.963365260419483604e+01 0.000000000000000000e+00 -3.753364869790345892e+00
4.033513318126023250e+01 0.000000000000000000e+00 -3.843295197070176528e+00
4.103661375832562896e+01 0.000000000000000000e+00 -3.911733101612981045e+00
4.173809433539102542e+01 0.000000000000000000e+00 -3.963468648943717199e+00
4.243957491245642188e+01 0.000000000000000000e+00 -4.002317949721600598e+00
4.314105548952181124e+01 0.000000000000000000e+00 -4.031296668427557961e+00
4.384253606658720770e+01 0.000000000000000000e+00 -4.052768889281878728e+00
4.454401664365260416e+01 0.000000000000000000e+00 -4.068573236594772879e+00
4.524549722071800062e+01 0.000000000000000000e+00 -4.080128450189192790e+00
4.594697779778338997e+01 0.000000000000000000e+00 -4.088520754107264565e+00
4.664845837484879354e+01 0.000000000000000000e+00 -4.094575365037599113e+00
4.734993895191418289e+01 0.000000000000000000e+00 -4.098914399407192377e+00
4.805141952897957935e+01 0.000000000000000000e+00 -4.102003284490592705e+00
4.875290010604497581e+01 0.000000000000000000e+00 -4.104187584179612713e+00
4.945438068311037227e+01 0.000000000000000000e+00 -4.105721934425844211e+00
5.015586126017576873e+01 0.000000000000000000e+00 -4.106792562435771288e+00
5.085734183724115809e+01 0.000000000000000000e+00 -4.107534648891942197e+00
5.155882241430655455e+01 0.000000000000000000e+00 -4.108045591616075853e+00
5.226030299137195101e+01 0.000000000000000000e+00 -4.108395047005217293e+00
5.296178356843735457e+01 0.000000000000000000e+00 -4.108632464694835562e+00
5.366326414550273682e+01 0.000000000000000000e+00 -4.108792691884445958e+00
5.436474472256814039e+01 0.000000000000000000e+00 -4.108900105952272952e+00
5.506622529963353685e+01 0.000000000000000000e+00 -4.108971635902094022e+00
5.576770587669892620e+01 0.000000000000000000e+00 -4.109018952823873860e+00
5.646918645376432266e+01 0.000000000000000000e+00 -4.109050044694697590e+00
5.717066703082972623e+01 0.000000000000000000e+00 -4.109070339226263968e+00
5.787214760789511558e+01 0.000000000000000000e+00 -4.109083497927144890e+00
5.857362818496051204e+01 0.000000000000000000e+00 -4.109091973104625595e+00
5.927510876202590140e+01 0.000000000000000000e+00 -4.109097395440244327e+00
5.997658933909129786e+01 0.000000000000000000e+00 -4.109100841523741110e+00
6.067806991615670142e+01 0.000000000000000000e+00 -4.109103017063318930e+00
6.137955049322208367e+01 0.000000000000000000e+00 -4.109104381363749781e+00
6.208103107028748724e+01 0.000000000000000000e+00 -4.109105231238231681e+00
6.278251164735288370e+01 0.000000000000000000e+00 -4.109105757136148895e+00
6.348399222441827305e+01 0.000000000000000000e+00 -4.109106080394553828e+00
6.418547280148366951e+01 0.000000000000000000e+00 -4.109106277773150850e+00
6.488695337854906597e+01 0.000000000000000000e+00 -4.109106397489085793e+00
6.558843395561446243e+01 0.000000000000000000e+00 -4.109106469617415769e+00
6.628991453267985889e+01 0.000000000000000000e+00 -4.109106512785388077e+00
6.699139510974525535e+01 0.000000000000000000e+00 -4.109106538449054824e+00
6.769287568681065181e+01 0.000000000000000000e+00 -4.109106553604817691e+00
6.839435626387604827e+01 0.000000000000000000e+00 -4.109106562495583148e+00
6.909583684094144473e+01 0.000000000000000000e+00 -4.109106567676462873e+00
7.014805770653953232e+01 0.000000000000000000e+00 -4.109106571656866436e+00
