# Fit to erf function with parameters: B=218.40283577303657 A=213.14065633881603 R=14.154720595227825 W=4.430704035825263 
0.000000000000000000e+00 3.620971349804505621e+02 4.312451342219080175e+02
1.052220865598092914e+00 3.746044153436839110e+02 4.308818145555864021e+02
1.753701442663488264e+00 3.910686934690896237e+02 4.304505105786364538e+02
2.455182019728883169e+00 4.104329575898046869e+02 4.297793438323242299e+02
3.156662596794278741e+00 4.298054606192987421e+02 4.287607199248894858e+02
3.858143173859674313e+00 4.448948432217627555e+02 4.272529544697853225e+02
4.559623750925068997e+00 4.519908402137725147e+02 4.250762963344947138e+02
5.261104327990464569e+00 4.501337400363388497e+02 4.220116300379528411e+02
5.962584905055860141e+00 4.461768664994498295e+02 4.178032717065444785e+02
6.664065482121254824e+00 4.423283176157822822e+02 4.121671702667160844e+02
7.365546059186651284e+00 4.374927508141536237e+02 4.048054132934353220e+02
8.067026636252046856e+00 4.286254337481701668e+02 3.954271860255440174e+02
8.768507213317441540e+00 4.142332103080415209e+02 3.837752888169299581e+02
9.469987790382836224e+00 3.926771004416268056e+02 3.696561189354525823e+02
1.017146836744823268e+01 3.649306458855317601e+02 3.529698852704408409e+02
1.087294894451362737e+01 3.342701234746659793e+02 3.337370139509362161e+02
1.157442952157902383e+01 3.013469877587171482e+02 3.121164714664171811e+02
1.227591009864441851e+01 2.690302609840567243e+02 2.884122492393929065e+02
1.297739067570981319e+01 2.393664410996262575e+02 2.630655447800789943e+02
1.367887125277520610e+01 2.124426176010379663e+02 2.366320878307951148e+02
1.438035182984060256e+01 1.866218719212589008e+02 2.097462793852719187e+02
1.508183240690599725e+01 1.624737001568618098e+02 1.830759173237397306e+02
1.578331298397139371e+01 1.410028378294821891e+02 1.572728463297818848e+02
1.648479356103678839e+01 1.231268015644239142e+02 1.329255604203052599e+02
1.718627413810218485e+01 1.083024428824446233e+02 1.105194545699540356e+02
1.788775471516758131e+01 9.606255472943124119e+01 9.040913946741881091e+01
1.858923529223297422e+01 8.577628400495167682e+01 7.280527460512124094e+01
1.929071586929837068e+01 7.709114858659835079e+01 5.777614508075285471e+01
1.999219644636376714e+01 6.952978685556249161e+01 4.526214162934510910e+01
2.069367702342916004e+01 6.262047459829792473e+01 3.509976362886501988e+01
2.139515760049455650e+01 5.608737015830173078e+01 2.705096542659012471e+01
2.209663817755994941e+01 4.998432987847205311e+01 2.083364372722829216e+01
2.279811875462534587e+01 4.417250393243121920e+01 1.614969393122575525e+01
2.349959933169074233e+01 3.890871074669396990e+01 1.270811527776089633e+01
2.420107990875613524e+01 3.424873039008310371e+01 1.024185035904213237e+01
2.490256048582153170e+01 3.008586120282820531e+01 8.518163816929103405e+00
2.560404106288692816e+01 2.630162670779971634e+01 7.343230076603930456e+00
2.630552163995232462e+01 2.277218571451370011e+01 6.562133098077083559e+00
2.700700221701772108e+01 1.950751784279809442e+01 6.055687250243835251e+00
2.770848279408311754e+01 1.658362166417980177e+01 5.735431067939032346e+00
2.840996337114851400e+01 1.401503572104344109e+01 5.537916808722656015e+00
2.911144394821390691e+01 1.172688485376455247e+01 5.419111517298347280e+00
2.981292452527929981e+01 9.771347702456740336e+00 5.349415255847105755e+00
3.051440510234469983e+01 8.075082313150556246e+00 5.309538527348706793e+00
3.121588567941009273e+01 6.628167414989224682e+00 5.287286690426498126e+00
3.191736625647548564e+01 5.428210277990630495e+00 5.275176569170895391e+00
3.261884683354088565e+01 4.407965120660229275e+00 5.268748695137389859e+00
3.332032741060628211e+01 3.577388152419004097e+00 5.265421161682269258e+00
3.402180798767167147e+01 2.896483374309763104e+00 5.263741144687088536e+00
3.472328856473707503e+01 2.359380769201982364e+00 5.262913886539081432e+00
3.542476914180246439e+01 1.936796243495667369e+00 5.262516599381484639e+00
3.612624971886786085e+01 1.586664941879194934e+00 5.262330517514442363e+00
3.682773029593325020e+01 1.293188491550627095e+00 5.262245513468656100e+00
3.752921087299865377e+01 1.070715770647235887e+00 5.262207642090487525e+00
3.823069145006404312e+01 8.902342912323233381e-01 5.262191186307575208e+00
3.893217202712943958e+01 7.466314580847781546e-01 5.262184212629847480e+00
3.963365260419483604e+01 6.374268924843969897e-01 5.262181330317588390e+00
4.033513318126023250e+01 5.456009247917058547e-01 5.262180168451749296e+00
4.103661375832562896e+01 4.467794467958737803e-01 5.262179711672189342e+00
4.173809433539102542e+01 3.426207641170771478e-01 5.262179536529089319e+00
4.243957491245642188e+01 2.577624662102854236e-01 5.262179471033050504e+00
4.314105548952181124e+01 1.832945286137710739e-01 5.262179447145456379e+00
4.384253606658720770e+01 1.255427500120128159e-01 5.262179438648416863e+00
4.454401664365260416e+01 8.333757386508160170e-02 5.262179435700659269e+00
4.524549722071800062e+01 5.204178334143949591e-02 5.262179434703284642e+00
4.594697779778338997e+01 3.269726425221534255e-02 5.262179434374161247e+00
4.664845837484879354e+01 2.088235064355978624e-02 5.262179434268233535e+00
4.734993895191418289e+01 1.232986350412260297e-02 5.262179434235008557e+00
4.805141952897957935e+01 7.081278785605098214e-03 5.262179434224805163e+00
4.875290010604497581e+01 3.508037713652302492e-03 5.262179434221764041e+00
4.945438068311037227e+01 1.687748389630751257e-03 5.262179434220882968e+00
5.015586126017576873e+01 7.818482468698771063e-04 5.262179434220627172e+00
5.085734183724115809e+01 3.383283269701697882e-04 5.262179434220570329e+00
5.155882241430655455e+01 1.625441641823863355e-04 5.262179434220541907e+00
5.226030299137195101e+01 7.718192291172744737e-05 5.262179434220541907e+00
5.296178356843735457e+01 4.908733815292260058e-05 5.262179434220541907e+00
5.366326414550273682e+01 1.139203802231835735e-06 5.262179434220541907e+00
5.436474472256814039e+01 0.000000000000000000e+00 5.262179434220541907e+00
5.506622529963353685e+01 0.000000000000000000e+00 5.262179434220541907e+00
5.576770587669892620e+01 0.000000000000000000e+00 5.262179434220541907e+00
5.646918645376432266e+01 0.000000000000000000e+00 5.262179434220541907e+00
5.717066703082972623e+01 0.000000000000000000e+00 5.262179434220541907e+00
5.787214760789511558e+01 0.000000000000000000e+00 5.262179434220541907e+00
5.857362818496051204e+01 0.000000000000000000e+00 5.262179434220541907e+00
5.927510876202590140e+01 0.000000000000000000e+00 5.262179434220541907e+00
5.997658933909129786e+01 0.000000000000000000e+00 5.262179434220541907e+00
6.067806991615670142e+01 0.000000000000000000e+00 5.262179434220541907e+00
6.137955049322208367e+01 0.000000000000000000e+00 5.262179434220541907e+00
6.208103107028748724e+01 0.000000000000000000e+00 5.262179434220541907e+00
6.278251164735288370e+01 0.000000000000000000e+00 5.262179434220541907e+00
6.348399222441827305e+01 0.000000000000000000e+00 5.262179434220541907e+00
6.418547280148366951e+01 0.000000000000000000e+00 5.262179434220541907e+00
6.488695337854906597e+01 0.000000000000000000e+00 5.262179434220541907e+00
6.558843395561446243e+01 0.000000000000000000e+00 5.262179434220541907e+00
6.628991453267985889e+01 0.000000000000000000e+00 5.262179434220541907e+00
6.699139510974525535e+01 0.000000000000000000e+00 5.262179434220541907e+00
6.769287568681065181e+01 0.000000000000000000e+00 5.262179434220541907e+00
6.839435626387604827e+01 0.000000000000000000e+00 5.262179434220541907e+00
6.909583684094144473e+01 0.000000000000000000e+00 5.262179434220541907e+00
7.014805770653953232e+01 0.000000000000000000e+00 5.262179434220541907e+00
